        location:  [0.2373274  1.10989933 0.41644822]
        location:  [0.19861083 1.10381325 0.35885041]
        location:  [0.23438153 1.16790007 0.25662133]
        location:  [0.251299   1.16800515 0.24557621]
        location:  [0.36879674 0.98376608 0.05996066]
        location:  [ 0.06223596  1.02053533 -0.09148285]
        location:  [ 0.3817805   1.05185641 -0.04684559]
        location:  [ 0.57127313  1.0916001  -0.03071167]
        location:  [ 0.58286174  1.32777653 -0.12079117]
        location:  [1.01141242 1.34600448 0.06144109]
        location:  [0.93833901 1.46351762 0.12627332]
        location:  [1.29826916 1.50966852 0.28179348]
        location:  [1.30179549 1.61474401 0.27976864]
        location:  [ 1.24877061  1.62086451 -0.02211946]
        location:  [1.29864322 1.46822067 0.16455876]
        location:  [1.00474078 1.32362262 0.12540706]
        location:  [ 0.56187214  1.29248264 -0.04395101]
        location:  [ 0.55972332  1.1697463  -0.02114693]
        location:  [ 0.45140996  1.30719413 -0.07715407]
        location:  [ 0.52082251  1.28492654 -0.00864576]
        location:  [0.72641777 1.24810488 0.21321505]
        location:  [0.58403252 1.54368424 0.50270832]
        location:  [0.44787058 1.44875462 0.75575762]
        location:  [0.60175074 1.34392296 0.76502635]
        location:  [0.43098939 1.40892367 0.61880968]
        location:  [0.60093892 1.42726232 0.67307215]
        location:  [0.99029832 1.72350543 0.82415909]
        location:  [0.90319427 1.62029534 0.87206808]
        location:  [0.78384226 1.54513321 0.69685139]
        location:  [0.37954686 1.41315362 0.42035315]
        location:  [0.47721288 1.21329207 0.33752073]
        location:  [0.35729885 1.09820144 0.26181358]
        location:  [0.74501219 1.21057966 0.25293877]
        location:  [0.96540469 1.36971762 0.27026002]
        location:  [1.00691761 1.57068587 0.31936566]
        location:  [0.91509508 1.42421204 0.26555714]
        location:  [0.56039335 1.35653785 0.07332208]
        location:  [ 0.4393942   1.17094758 -0.04751525]
        location:  [ 0.34710737  1.25624977 -0.04652315]
        location:  [ 0.3687968   1.19835945 -0.05578008]
        location:  [ 0.33354435  1.19432283 -0.20183687]
        location:  [ 0.26390861  1.20650871 -0.06367347]
        location:  [0.72867686 1.32010997 0.18816724]
        location:  [0.68338214 1.28833177 0.14342105]
        location:  [0.63301453 1.25473743 0.11417579]
        location:  [0.52081873 1.39435875 0.14628846]
        location:  [0.82146751 1.53446639 0.39223911]
        location:  [0.85147555 1.58171732 0.37898034]
        location:  [1.30270288 1.66401034 0.50772585]
        location:  [0.97004778 1.55495077 0.43308387]
        location:  [1.15432655 1.41696593 0.33716162]
        location:  [0.94279354 1.45794066 0.09964052]
        location:  [ 0.88854004  1.4092137  -0.02923073]
        location:  [1.08305239 1.49198893 0.18426982]
        location:  [1.16494114 1.55931482 0.18071066]
        location:  [0.88823089 1.47310229 0.04841288]
        location:  [ 0.65266671  1.3877426  -0.1091826 ]
        location:  [1.13976092 1.46074798 0.18587147]
        location:  [1.32837725 1.73455298 0.38240355]
        location:  [1.83881348 1.99087559 0.6848399 ]
        location:  [1.87955042 1.91105819 0.78119814]
        location:  [1.45313878 1.81730718 0.47147165]
        location:  [1.18515686 1.68830015 0.44059951]
        location:  [1.06749471 1.53726978 0.23288797]
        location:  [0.47667644 1.12649882 0.04723106]
        location:  [-0.14959157  0.72888267 -0.34482707]
        location:  [-0.56985177  0.50058711 -0.59002283]
        location:  [-0.65992022  0.54378214 -0.30653132]
        location:  [-0.40287901  0.71794979 -0.32855505]
        location:  [-0.35056695  0.84097967 -0.13673938]
        location:  [-0.24695884  0.84954295 -0.07492002]
        location:  [-0.10324848  1.06696229 -0.00909674]
        location:  [0.10667442 1.22343676 0.10001222]
        location:  [0.0100567  1.02264318 0.09010918]
        location:  [0.06451515 1.02065972 0.2167751 ]
        location:  [-0.05161766  1.03652376 -0.09730032]
        location:  [0.25999849 1.05559944 0.09213243]
        location:  [0.32116083 1.04621011 0.04802669]
        location:  [ 0.0202868   0.98911601 -0.1941973 ]
        location:  [-0.03453084  0.81143422 -0.17329023]
        location:  [-0.07227059  1.0103074  -0.04003945]
        location:  [-0.05060086  0.95241397 -0.04931704]
        location:  [ 0.06867119  0.90495078 -0.12141714]
        location:  [ 0.03419811  0.8916495  -0.28756869]
        location:  [ 0.00213137  0.98847435 -0.3000118 ]
        location:  [ 0.4169504   1.09773986 -0.10984151]
        location:  [ 0.17523457  1.05313849 -0.41748862]
        location:  [ 0.30535106  1.05314682 -0.41246004]
        location:  [ 0.52907343  1.27066344 -0.20890306]
        location:  [0.91267664 1.30168494 0.1928261 ]
        location:  [0.96415238 1.46394281 0.16801519]
        location:  [0.94538936 1.45812062 0.27232259]
        location:  [0.94611342 1.52767932 0.39188407]
        location:  [1.02503978 1.67252457 0.52512439]
        location:  [1.22815614 1.60553561 0.56294519]
        location:  [1.15109899 1.63364788 0.73544624]
        location:  [1.2131324  1.59407487 0.77582382]
        location:  [1.18992461 1.59662563 0.70619076]
        location:  [0.64633308 1.47526868 0.36172618]
        location:  [0.63278632 1.28689782 0.34669748]
        location:  [0.58811682 1.29659459 0.28412558]
        location:  [0.42922157 1.22521693 0.22765989]
        location:  [0.40618746 1.23591746 0.21301571]
        location:  [0.34612547 1.08736712 0.18605112]
        location:  [0.35410757 1.26985231 0.25669287]
        location:  [0.52708543 1.2626031  0.47243422]
        location:  [0.50738576 1.25623983 0.46012688]
        location:  [0.55087853 1.35487221 0.42132616]
        location:  [0.55068054 1.35891953 0.51651031]
        location:  [0.69927061 1.42676305 0.6207198 ]
        location:  [1.03184375 1.44461145 0.63644455]
        location:  [1.10036164 1.7274078  0.62677472]
        location:  [1.22208563 1.52838181 0.52964794]
        location:  [1.24778306 1.55489383 0.39211102]
        location:  [1.32330656 1.57501641 0.36651969]
        location:  [1.20661589 1.52440739 0.21525326]
        location:  [1.31174839 1.61061232 0.42861038]
        location:  [1.39649443 1.59112654 0.40335317]
        location:  [1.13159434 1.66511369 0.41904963]
        location:  [0.93210822 1.33454445 0.26061703]
        location:  [0.74424135 1.41943697 0.09542841]
        location:  [0.67599473 1.41481784 0.16276378]
        location:  [0.75174031 1.49476113 0.11981193]
        location:  [1.04020109 1.57496774 0.39226724]
        location:  [1.07559489 1.55847706 0.31639238]
        location:  [1.24739038 1.45107584 0.39708936]
        location:  [0.92144372 1.46492228 0.20214773]
        location:  [0.89482375 1.23439443 0.2100076 ]
        location:  [ 0.86070504  1.17965255 -0.07335369]
        location:  [ 0.68663028  1.18594561 -0.07943241]
        location:  [0.5641463  1.26543597 0.05222168]
        location:  [0.67600616 1.37575216 0.17112835]
        location:  [0.75688165 1.3051297  0.33681828]
        location:  [0.90531437 1.35222826 0.45007665]
        location:  [1.20933392 1.96565796 0.40211399]
        location:  [1.02118924 2.01992568 0.20466219]
        location:  [1.0201529  2.10466932 0.31310881]
        location:  [1.11298937 2.08392721 0.41096889]
        location:  [1.31651038 2.44480477 0.38769816]
        location:  [1.48876779 2.30567071 0.48771305]
        location:  [1.41577648 2.29972209 0.2443116 ]
        location:  [1.49842911 2.2977945  0.33360312]
        location:  [1.5080141  2.24895605 0.46608881]
        location:  [1.57947625 2.43559509 0.54991414]
        location:  [1.82173858 2.40620703 0.60305067]
        location:  [1.55364616 2.43519167 0.50813605]
        location:  [1.52051354 2.2986522  0.49396304]
        location:  [1.40001661 2.27918145 0.47658517]
        location:  [1.29079282 2.36458804 0.39319364]
        location:  [1.13334908 2.15935413 0.29103266]
        location:  [0.85228265 2.06216917 0.15418213]
        location:  [0.7969356  1.96789646 0.08324438]
        location:  [1.06737047 2.04675516 0.09364563]
        location:  [1.03153086 1.97283954 0.17142634]
        location:  [1.06076496 2.08932845 0.06537195]
        location:  [1.22170698 2.1942291  0.26148029]
        location:  [1.44480864 2.21811009 0.38058227]
        location:  [1.45091831 2.31619962 0.30944439]
        location:  [1.45712573 2.12107899 0.23120847]
        location:  [1.32548055 2.18101586 0.38382352]
        location:  [1.6465619  2.41528694 0.51461865]
        location:  [2.01170552 2.50082638 0.92853913]
        location:  [1.96225662 2.50703668 0.91216801]
        location:  [1.38335096 2.32458988 0.56487524]
        location:  [1.14431841 2.07280094 0.45732165]
        location:  [0.59322622 1.83867514 0.16159591]
        location:  [ 0.60386187  1.65538409 -0.00355511]
        location:  [ 0.68933939  1.8371144  -0.12431602]
        location:  [ 0.77184419  1.78316413 -0.19776371]
        location:  [ 0.60008266  1.70455085 -0.35185904]
        location:  [ 0.47529098  1.45379025 -0.41820614]
        location:  [ 0.25624054  1.29703051 -0.58034376]
        location:  [ 0.56186532  1.38669917 -0.43388253]
        location:  [ 0.72053574  1.39726523 -0.17301991]
        location:  [ 0.69373237  1.51333547 -0.26116069]
        location:  [ 0.722964    1.45762243 -0.20865851]
        location:  [0.99410129 1.43561972 0.04933217]
        location:  [ 0.90334924  1.41781337 -0.05857481]
        location:  [1.29903257 1.56944009 0.11225339]
        location:  [1.53654266 1.47102356 0.14753695]
        location:  [2.32104889 1.43789769 0.40272641]
        location:  [2.86713794 1.10530645 0.10023278]
        location:  [ 3.44183574  0.91800695 -0.11005926]
        location:  [ 4.56572907  0.74254542 -0.0209532 ]
        location:  [5.42093338 0.36460776 0.05351   ]
        location:  [6.43622893 0.3776466  0.31766558]
        location:  [7.75479347 0.15220194 0.62818641]
        location:  [8.74239713 0.25295989 0.62755548]
        location:  [9.74237365 0.2133554  0.48716515]
        location:  [10.94227789  0.04281298  0.3812867 ]
        location:  [12.57637535  0.19672163  0.41557747]
        location:  [13.74446841  0.29364236  0.06095453]
        location:  [1.53332269e+01 2.56074753e-01 6.20285526e-03]
        location:  [16.68064533  0.5485148   0.05811801]
        location:  [18.03137044  0.79970885 -0.12421749]
        location:  [19.33981013  0.79245163 -0.25639477]
        location:  [20.92252037  1.0422813  -0.09468943]
        location:  [21.9799207   1.21325525 -0.0453647 ]
        location:  [22.61546981  1.15259398 -0.25362849]
        location:  [23.68572456  1.02350658 -0.39055254]
        location:  [24.736015    0.95044625 -0.50593853]
        location:  [26.27195764  0.86549767 -0.61766103]
        location:  [28.16894842  0.69888158 -0.84906817]
        location:  [30.6355614   0.58519569 -1.03340133]
        location:  [33.54198842  0.13616148 -1.06957722]
        location:  [35.95752082  0.04768326 -1.28998504]
        location:  [38.70400226 -0.65713138 -1.43334738]
        location:  [41.96062068 -0.73234232 -1.42015188]
        location:  [44.71995262 -0.81803251 -1.39005009]
        location:  [47.31786285 -1.27030249 -1.39778081]
        location:  [49.44951108 -1.3232008  -1.44673758]
        location:  [51.34146939 -1.47936426 -1.94192905]
        location:  [52.97868625 -1.1888712  -1.8962309 ]
        location:  [54.19676865 -1.36016994 -2.2049306 ]
        location:  [55.32211401 -1.4267818  -2.09011768]
        location:  [57.62544201 -0.880337   -2.23876131]
        location:  [60.88244927 -0.37953897 -1.81089809]
        location:  [ 6.41873635e+01  4.28183819e-03 -1.40088271e+00]
        location:  [66.64258846  0.70348833 -1.07054837]
        location:  [68.68734978  1.03940575 -0.94458107]
        location:  [70.63857108  1.11711648 -0.91487412]
        location:  [72.08923015  1.22577946 -0.98724734]
        location:  [74.13922765  1.35111597 -0.96962667]
        location:  [76.3750142   1.41126907 -1.11716586]
        location:  [79.57904643  1.46119629 -0.98193935]
        location:  [82.56470106  1.4949652  -0.98109092]
        location:  [85.81967683  1.31001349 -1.29828955]
        location:  [89.28807076  1.12168113 -1.57940081]
        location:  [92.66375985  0.8786471  -1.85191733]
        location:  [96.05432303  0.61738111 -2.0164034 ]
        location:  [99.10507618  0.70168306 -2.02636541]
        location:  [102.57321987   0.86675669  -1.78737089]
        location:  [105.5783989    1.14809994  -1.84187457]
        location:  [108.82441867   1.19282607  -2.04609549]
        location:  [112.28459358   1.37806397  -1.80168458]
        location:  [114.97452698   1.44843179  -1.85947024]
        location:  [117.83997793   1.69864088  -2.02021126]
        location:  [120.4603108    1.58746111  -2.32469019]
        location:  [122.9861627    1.59419376  -2.7209783 ]
        location:  [126.06325154   1.99676357  -3.04863185]
        location:  [129.73554324   2.27364885  -3.03612688]
        location:  [133.48098173   2.72592271  -3.29427735]
        location:  [137.75398718   3.00211324  -3.33913126]
        location:  [142.44260133   3.07485477  -3.32191071]
        location:  [147.44263179   3.25216583  -3.01818739]
        location:  [152.43779676   3.087084    -2.96565859]
        location:  [157.7376235    2.68127676  -2.97672194]
        location:  [162.72913387   2.34149293  -3.07050503]
        location:  [167.83529823   2.13197892  -3.17833412]
        location:  [173.18245266   1.63727018  -3.2551883 ]
        location:  [178.35448984   1.17716529  -3.38132479]
        location:  [183.90032257   0.85845878  -3.62730254]
        location:  [189.92895429   0.46474162  -3.59639033]
        location:  [195.87793364   0.44354579  -3.64570147]
        location:  [201.85433838   0.24271332  -3.42688508]
        location:  [ 2.08247825e+02  1.42490519e-01 -3.49582498e+00]
        location:  [ 2.14477081e+02  1.62623243e-01 -3.69390903e+00]
        location:  [220.70458777  -0.38512938  -3.81224309]
        location:  [227.27204058  -1.0452597   -4.16189396]
        location:  [233.49989955  -1.20310171  -4.21518656]
        location:  [239.82681629  -1.44127737  -4.08092281]
        location:  [245.95573405  -1.57869188  -3.99013499]
        location:  [251.78180659  -1.65945196  -3.76140366]
        location:  [257.37143666  -1.64262258  -3.11346735]
        location:  [263.09350724  -1.45139676  -3.20413826]
        location:  [268.83714592  -1.42440704  -3.70419276]
        location:  [275.28708255  -1.58794884  -3.93340884]
        location:  [281.69912114  -1.88154234  -4.58940719]
        location:  [287.94230138  -2.40625378  -5.19872789]
        location:  [293.65163043  -3.04803302  -5.41792147]
        location:  [298.88271926  -3.35995666  -5.6606394 ]
        location:  [303.73268953  -3.490654    -5.6466881 ]
        location:  [308.95264606  -3.65966926  -5.43179244]
        location:  [313.75884724  -4.12449976  -5.35986409]
        location:  [318.48091429  -4.24450333  -5.41902419]
        location:  [323.22152989  -4.87234107  -5.56397168]
        location:  [327.74145716  -5.2807282   -5.45233189]
        location:  [332.20761418  -5.86227559  -5.1705249 ]
        location:  [336.35672076  -6.16486472  -5.22095279]
        location:  [340.6042273   -6.41062455  -5.17132718]
        location:  [344.92036332  -6.40431682  -5.2570067 ]
        location:  [348.97101377  -6.25963332  -5.59078787]
        location:  [352.5956794   -6.07395711  -5.43942004]
        location:  [356.2187286   -5.86257095  -5.1658306 ]
        location:  [359.82172166  -5.64242464  -4.93887294]
        location:  [363.23075626  -5.25530022  -4.86589675]
        location:  [366.00687098  -4.88442245  -5.00064551]
        location:  [367.95372057  -4.2822007   -5.62286579]
        location:  [370.00323178  -3.68364435  -6.36042325]
        location:  [372.06972796  -3.23960291  -6.69244196]
        location:  [374.14709752  -2.47455125  -6.70781882]
        location:  [376.66740739  -1.80111725  -5.93679519]
        location:  [378.46061119  -1.54669831  -5.1188639 ]
        location:  [380.05902708  -1.59331852  -4.93992722]
        location:  [381.21560334  -1.41309545  -5.13299615]
        location:  [383.03920367  -1.45303626  -5.36397027]
        location:  [384.61907662  -1.33645852  -5.99670361]
        location:  [386.21115716  -1.48954068  -6.79255384]
        location:  [388.0632657   -1.72051903  -7.16525245]
        location:  [390.05560381  -1.790858    -7.16706824]
        location:  [392.64421836  -1.78150295  -7.39653462]
        location:  [395.74390481  -2.26574375  -7.61559459]
        location:  [399.41085789  -2.66221154  -7.62237856]
        location:  [402.70449054  -3.01739768  -7.53775726]
        location:  [405.82933204  -3.08749578  -7.38346075]
        location:  [409.05791129  -2.83212107  -6.96653127]
        location:  [412.11058702  -2.68951047  -6.95135446]
        location:  [415.08084864  -2.83924821  -6.97233839]
        location:  [418.02938619  -3.20503826  -7.03724513]
        location:  [420.81688203  -3.55544756  -6.73521765]
        location:  [422.83535403  -3.46810078  -6.66513604]
        location:  [424.58033571  -3.27460102  -6.4653197 ]
        location:  [426.29266733  -3.09689596  -6.63445562]
        location:  [427.98933487  -2.80122906  -6.71150288]
        location:  [430.27162487  -2.70575933  -6.69361319]
        location:  [432.22564561  -2.5572217   -6.67964378]
        location:  [434.36178416  -2.35749915  -6.9898491 ]
        location:  [436.90256629  -2.28173714  -7.35917295]
        location:  [439.75886446  -2.39406014  -7.54013705]
        location:  [443.13655609  -2.69981319  -7.53616245]
        location:  [446.60391206  -3.38849149  -7.3493048 ]
        location:  [449.78919398  -4.02302062  -6.93480574]
        location:  [452.29292723  -4.72485649  -7.16375149]
        location:  [454.77458636  -5.15285851  -7.94979363]
        location:  [457.25440563  -5.68255626  -8.47430659]
        location:  [460.07698566  -5.90022216  -8.78088881]
        location:  [463.44039383  -6.39575937  -8.77806841]
        location:  [466.75281352  -6.52597449  -8.58007115]
        location:  [469.32876731  -6.47599617  -7.80113798]
        location:  [470.98936527  -6.30670712  -7.48962634]
        location:  [472.37726749  -5.77347996  -7.68125437]
        location:  [474.1964131   -4.9952139   -8.18417532]
        location:  [476.61827654  -4.60276728  -8.29335916]
        location:  [479.09116299  -4.19018826  -8.39860133]
        location:  [481.74364632  -3.54200151  -8.36825611]
        location:  [484.01105263  -2.95227461  -8.31051848]
        location:  [486.21887675  -2.31739906  -8.62471985]
        location:  [488.35861491  -1.82871621  -8.71900985]
        location:  [490.59286252  -1.53312828  -8.63896226]
        location:  [493.07784739  -1.38197772  -8.79254228]
        location:  [495.60509155  -1.43589491  -9.13274185]
        location:  [498.7103      -1.59742544  -9.40862926]
        location:  [502.57917814  -2.40210564  -9.3260446 ]
        location:  [506.62628428  -3.32496981  -9.25858323]
        location:  [510.47909132  -4.20422994  -9.44629096]
        location:  [514.60234528  -5.1631413   -9.44107322]
        location:  [518.87893224  -6.39171935  -9.37978112]
        location:  [522.89519239  -7.23304337  -9.44760602]
        location:  [527.01165428  -7.81444715  -9.39829624]
        location:  [531.05328803  -8.09468346  -9.37283832]
        location:  [535.13947823  -8.14488792  -8.91263325]
        location:  [538.7398994   -8.15805279  -8.44580506]
        location:  [542.17489235  -7.84293175  -8.30590649]
        location:  [545.21946266  -7.90092245  -8.73550812]
        location:  [548.07599875  -7.68880219  -9.42451518]
        location:  [550.73971869  -7.64658868  -9.68580838]
        location:  [553.47631783  -7.25043907  -9.771875  ]
        location:  [555.51896439  -6.51633006  -9.67482859]
        location:  [556.89721294  -5.4143143   -9.40057935]
        location:  [558.24813288  -4.49110795  -9.09553318]
        location:  [559.68486913  -3.67333137  -8.99170522]
        location:  [561.25176962  -2.82030613  -9.0122728 ]
        location:  [562.82990241  -2.11562535  -9.10483496]
        location:  [564.62886208  -1.71761432  -9.3297553 ]
        location:  [566.80261954  -1.45451735  -9.77662381]
        location:  [569.5218596   -1.73974048 -10.029083  ]
        location:  [572.08395487  -2.14104368 -10.05329712]
        location:  [574.26309866  -2.609197   -10.27374119]
        location:  [576.16949745  -2.74710835 -10.06484703]
        location:  [577.59811759  -2.65782024  -9.98313541]
        location:  [578.89621721  -2.0132164   -9.60811321]
        location:  [580.02829814  -1.27842601  -9.30527024]
        location:  [580.99982999  -1.00333796  -9.2645051 ]
        location:  [581.4816033   -0.86308101  -9.32457841]
        location:  [581.84906519  -0.66320805  -9.34022297]
        location:  [582.06563722  -0.62195399  -9.4065313 ]
        location:  [ 5.82159945e+02 -4.98862254e-01 -9.59302469e+00]
        location:  [ 5.82321995e+02 -4.04668272e-01 -9.68808039e+00]
        location:  [ 5.82227851e+02 -4.38791763e-01 -9.74663961e+00]
        location:  [ 5.81938602e+02 -3.18256127e-01 -9.84151845e+00]
        location:  [ 5.81985881e+02 -3.78300719e-01 -9.81942306e+00]
        location:  [ 5.81968605e+02 -4.47772086e-01 -9.92430705e+00]
        location:  [ 5.81770111e+02 -4.77007803e-01 -9.96672345e+00]
        location:  [ 5.81312055e+02 -5.66612184e-01 -1.00644792e+01]
        location:  [580.97787949  -0.82518707 -10.43988947]
        location:  [580.70872401  -0.85348334 -10.1188206 ]
        location:  [579.97861928  -0.90824365  -9.90769031]
        location:  [578.86342313  -1.06838684  -9.75445505]
        location:  [577.55981199  -1.3239562   -9.34258758]
        location:  [575.94487803  -1.99233372  -9.30328622]
        location:  [573.92703093  -2.71942563  -9.42441901]
        location:  [571.88892739  -3.43021065  -9.20471848]
        location:  [569.74474677  -3.77857225  -8.77800133]
        location:  [567.24180169  -4.06814967  -8.31386677]
        location:  [564.21823443  -4.50441238  -7.83096762]
        location:  [560.97329459  -4.60095461  -7.20333561]
        location:  [557.2018796   -4.56135633  -6.6036061 ]
        location:  [553.41064138  -4.46287831  -5.89984338]
        location:  [549.067577    -4.25720035  -5.5653514 ]
        location:  [544.3154723   -3.84208362  -5.27990355]
        location:  [539.3789015   -3.75771392  -4.99111395]
        location:  [533.99481494  -3.77880368  -4.61870874]
        location:  [528.28848998  -3.8009503   -4.86542347]
        location:  [522.61533131  -3.79688438  -5.42876557]
        location:  [516.91512329  -4.02263939  -5.55958761]
        location:  [511.52305872  -4.21707984  -5.55899053]
        location:  [506.07970115  -4.4728239   -5.18239263]
        location:  [500.61694596  -5.00766499  -4.59920264]
        location:  [495.21056735  -5.13554764  -4.28420635]
        location:  [489.7109918   -5.28284805  -3.74770989]
        location:  [484.4852563   -5.45348374  -3.14526368]
        location:  [479.13745068  -5.63958508  -2.87411037]
        location:  [473.86156281  -5.72797542  -2.35072048]
        location:  [468.75974813  -5.96484095  -2.07662446]
        location:  [464.04380465  -6.2608432   -1.90670308]
        location:  [459.14111917  -6.46725521  -1.63102642]
        location:  [453.85461534  -6.43748804  -1.46032413]
        location:  [448.64604617  -6.44801517  -0.76312002]
        location:  [ 4.43519132e+02 -6.17400926e+00 -2.30936166e-01]
        location:  [ 4.38177106e+02 -5.81237644e+00  4.18322059e-01]
        location:  [432.77522165  -5.91092625   1.00737775]
        location:  [426.9576921   -5.60881207   1.34602506]
        location:  [420.25343446  -5.29258082   1.00434485]
        location:  [413.25081755  -5.08512238   0.91421523]
        location:  [405.92036092  -4.84657256   0.780031  ]
        location:  [398.24302094  -4.56426133   0.76018125]
        location:  [390.67243135  -4.2991958    0.78671271]
        location:  [383.25111642  -3.76382582   1.05745746]
        location:  [376.09805043  -3.7698648    1.43845885]
        location:  [368.89229213  -4.23788714   2.22439708]
        location:  [361.27355076  -4.69796714   2.8978754 ]
        location:  [353.14570178  -5.45929476   3.70525074]
        location:  [344.58313538  -6.0691701    4.42003647]
        location:  [336.1262611   -7.04025887   5.04109812]
        location:  [328.1027767   -8.00254092   5.8398551 ]
        location:  [319.2005101   -8.35019337   6.25040989]
        location:  [310.05717561  -8.80952525   6.82538143]
        location:  [300.96358184  -8.99690471   7.50616629]
        location:  [292.4802187   -9.20656634   8.54265234]
        location:  [282.78838209  -9.30979419   9.04292012]
        location:  [273.34294123  -9.3451793    9.08250853]
        location:  [264.50191861  -9.25878457   9.00503097]
        location:  [255.88705392  -9.29759415   9.34562101]
        location:  [246.81103613  -9.2650627    9.15696399]
        location:  [237.9487109   -9.07969055   9.17677871]
        location:  [228.80948801  -8.92182224   8.88758496]
        location:  [219.51303679  -8.27128807   8.66184222]
        location:  [209.91232917  -7.61525327   8.93500662]
        location:  [199.99240325  -7.02184057   9.73271099]
        location:  [189.65286364  -6.00182554  10.66751731]
        location:  [179.6348372   -4.68960797  11.11674839]
        location:  [169.62906653  -3.10042041  11.6949198 ]
        location:  [159.74148149  -1.61408097  11.88241204]
        location:  [150.34230929  -0.46137029  11.9351438 ]
        location:  [140.30258819   0.36368794  11.46241178]
        location:  [130.30928275   1.34508886  10.85969385]
        location:  [120.65507293   1.79455325   9.76147491]
        location:  [113.14086453   1.62540978   8.92206852]
        location:  [107.33189864   1.34124652   8.66664202]
        location:  [102.23786658   0.23350585   8.61678698]
        location:  [97.43753603 -1.0771037   8.29404178]
        location:  [92.49982488 -2.00592321  7.61286558]
        location:  [87.70535705 -2.80330825  6.63855687]
        location:  [83.17410018 -3.64806655  5.80562081]
        location:  [79.60377736 -4.08118568  5.66904573]
        location:  [76.77434683 -4.8061656   5.37249052]
        location:  [73.6449809  -5.0584822   5.31579998]
        location:  [71.09301107 -5.24844959  5.76833235]
        location:  [68.34341728 -5.47437403  5.99330348]
        location:  [64.31135588 -5.52835771  5.91250824]
        location:  [60.94011298 -5.71463077  6.11404278]
        location:  [57.44485822 -5.80820783  5.85249905]
        location:  [53.66410653 -5.77247938  5.55083701]
        location:  [50.17665253 -5.62407394  5.29379615]
        location:  [46.40342046 -5.50614078  5.14493313]
        location:  [42.00833392 -5.42471487  4.8740942 ]
        location:  [37.16946103 -5.40891682  4.12624324]
        location:  [33.09456074 -5.50371769  3.91946969]
        location:  [28.9263409  -5.49273602  3.82504263]
        location:  [24.84886996 -5.55814085  3.7107001 ]
        location:  [21.30450761 -5.69970586  3.20987621]
        location:  [18.37993433 -5.84183246  3.04082295]
        location:  [14.97301531 -6.28102613  2.97597912]
        location:  [12.52390852 -6.45889456  3.16197487]
        location:  [ 9.62775688 -6.59367344  3.23472025]
        location:  [ 6.82707618 -6.69469376  3.22317217]
        location:  [ 4.55560088 -6.81344166  3.59430702]
        location:  [ 1.98211405 -6.62309906  3.44739189]
        location:  [-0.10861728 -5.6367644   3.4093555 ]
        location:  [-2.06474911 -4.20009597  3.25691758]
        location:  [-3.80434401 -3.02784819  4.00459706]
        location:  [-6.91104429 -1.92360908  4.57232656]
        location:  [-10.61378195  -1.5507866    4.90611636]
        location:  [-15.57718355  -1.36181753   4.44489795]
        location:  [-20.91859357  -1.31681095   4.00394038]
        location:  [-25.59652634  -1.95410216   3.23304878]
        location:  [-29.33480673  -2.41236328   2.83222101]
        location:  [-32.145966    -2.08135311   3.52552762]
        location:  [-34.89392144  -1.73359698   4.2379786 ]
        location:  [-37.92654915  -1.2042379    4.35574338]
        location:  [-42.91341362  -0.47233606   4.81533614]
        location:  [-47.80757518   0.15913432   5.51770474]
        location:  [-53.99509818   0.70089926   5.95653756]
        location:  [-60.65665688   2.10057565   6.11579679]
        location:  [-66.39706782   3.05399309   6.41524087]
        location:  [-72.06472464   4.16829403   6.48414609]
        location:  [-77.56620771   5.51767134   6.24596551]
        location:  [-83.70152062   6.79622982   6.38924878]
        location:  [-89.936897     7.40723434   7.03474558]
        location:  [-95.70350121   8.25969121   7.46601553]
        location:  [-102.61107307    9.64476838    7.57971017]
        location:  [-108.54868104   10.86652821    7.70218268]
        location:  [-113.89622096   11.55837283    8.47170779]
        location:  [-120.39927776   11.31010032    8.98267563]
        location:  [-126.85569854   10.75491872    8.42288741]
        location:  [-134.28619916   10.01822115    7.80050716]
        location:  [-140.18793327    9.30954578    8.0564354 ]
        location:  [-146.24315255    8.875841      7.85282319]
        location:  [-150.11247492    8.63748076    7.72818005]
        location:  [-154.40351436    8.82094237    7.4239994 ]
        location:  [-158.80447506    8.51116319    7.88837754]
        location:  [-164.61231271    9.27028783    8.1770987 ]
        location:  [-171.4140404     9.97813731    9.43475159]
        location:  [-178.92362734   11.01659045   10.20426252]
        location:  [-186.25306209   11.84656504   11.04894096]
        location:  [-193.87721942   12.24342131   11.16523851]
        location:  [-201.57770063   12.31760228   11.25345361]
        location:  [-209.91960908   12.1214553    10.58802451]
        location:  [-217.4746529    11.93958981   10.68065483]
        location:  [-225.97227007   11.70873925   10.86467588]
        location:  [-234.33434247   10.9671502    11.01567124]
        location:  [-243.56286007   10.6367391    10.88592184]
        location:  [-252.97343893   10.1609272    10.96481322]
        location:  [-261.89515274    9.72432526   11.62794048]
        location:  [-271.26552398    9.45166911   11.84406647]
        location:  [-278.75682299    9.48755603   12.14569972]
        location:  [-287.06964122   10.03940241   12.87113956]
        location:  [-295.38150236   10.2307951    13.5635397 ]
        location:  [-303.69952708   10.64873863   13.82375992]
        location:  [-312.37954242   10.94208041   13.85271317]
        location:  [-320.23428804   11.3136424    13.72173541]
        location:  [-327.15495439   12.18231943   13.92464552]
        location:  [-334.59307982   12.68486723   13.90622799]
        location:  [-341.95298608   13.11321472   13.63689659]
        location:  [-348.38513804   13.48254481   13.76597485]
        location:  [-356.09753347   13.04481832   13.85957623]
        location:  [-368.92078811   12.44002242   13.3583455 ]
        location:  [-374.68228059   11.90078957   13.1550837 ]
        location:  [-380.54376245   10.78320074   13.50035277]
        location:  [-387.08103246    9.76470475   13.36379903]
        location:  [-393.09609724    8.9075837    13.23893474]
        location:  [-404.23781198    7.51881196   13.96562223]
        location:  [-416.21167012    6.04739521   14.20719855]
        location:  [-422.51378981    6.16280223   14.70865309]
        location:  [-435.11317299    6.74512706   15.90580455]
        location:  [-446.29994183    7.27373301   16.47356202]
        location:  [-452.61528486    7.49909703   16.6575497 ]
        location:  [-464.73009876    7.54447527   16.20772921]
        location:  [-474.15123434    8.06661365   17.59066623]
        location:  [-483.95160811    7.76538309   17.70999609]
        location:  [-493.9381528     6.18810954   17.42960452]
        location:  [-498.99302141    5.47423724   17.11675218]
        location:  [-503.2792395     5.06455643   17.42551356]
        location:  [-507.76331502    4.66889223   17.38721708]
        location:  [-515.71991626    4.07383879   18.29498564]
        location:  [-520.95075848    3.42355341   18.63840974]
        location:  [-524.58827316    3.45638559   19.12593859]
        location:  [-534.1942651     3.35812229   19.13984724]
        location:  [-537.68471464    3.88433858   19.92917481]
        location:  [-540.42726601    4.01773113   20.4039624 ]
        location:  [-552.4465365     4.30618275   19.37855022]
        location:  [-5.66319418e+02  2.22684278e-02  1.96948201e+01]
        location:  [-5.69217355e+02 -4.39629014e-01  2.04969258e+01]
        location:  [-566.95711015   -3.74625587   20.72196211]
        location:  [-563.19311576   -4.31717915   20.83367628]
        location:  [-550.54107985   -3.33943793   20.33269583]
        location:  [-531.35261749   -2.38219099   19.09518142]
        location:  [-526.19193217   -2.33914632   19.28286434]
        location:  [-518.11237888   -2.55872768   18.58049795]
        location:  [-514.32661163   -2.38694302   18.72678904]
        location:  [-505.73548775   -1.49308219   18.50451649]
        location:  [-501.75382355   -1.56851178   18.56332937]
        location:  [-495.55869954   -1.46624877   18.90100278]
        location:  [-490.9680533    -1.40132677   18.04805136]
        location:  [-485.21728347   -1.23827903   17.51586595]
        location:  [-477.9325727    -0.98682243   17.64053005]
        location:  [-470.35076828   -0.85598999   17.39525584]
        location:  [-463.17573651   -0.84537446   17.11160052]
        location:  [-454.52790058   -0.72446182   17.09110299]
        location:  [-447.67993963   -0.80341761   16.10201578]
        location:  [-439.6029883    -0.72606571   16.04077924]
        location:  [-4.25204359e+02 -2.22853078e-01  1.55057824e+01]
        location:  [-417.75826998    0.4303021    15.7937791 ]
        location:  [-410.66881885    0.81701963   15.3288265 ]
        location:  [-402.0312186     1.30462587   15.25859805]
        location:  [-387.31947328    2.20552141   14.65153577]
        location:  [-371.37114274    3.03728602   14.22674895]
        location:  [-353.86861711    2.97431579   13.46400903]
        location:  [-345.49459651    2.8132804    12.83168626]
        location:  [-336.32681717    2.32772673   12.66053293]
        location:  [-327.70680278    1.88562694   12.21201278]
        location:  [-318.88626987    1.08914987   11.76959565]
        location:  [-310.94542868    0.70166938   11.59792902]
        location:  [-3.02666326e+02 -1.34732937e-01  1.15230387e+01]
        location:  [-294.96682805   -1.07095699   10.89317945]
        location:  [-287.970484     -1.91689666   10.16883404]
        location:  [-281.09739332   -2.6832497     9.96329386]
        location:  [-275.06923062   -3.57349746    9.85881444]
        location:  [-268.73843504   -4.04780936    9.95215355]
        location:  [-263.18562545   -4.69378665   10.03943137]
        location:  [-257.37252778   -5.01572297    9.67472   ]
        location:  [-251.61213004   -5.54082736   10.2047098 ]
        location:  [-245.8907555    -6.08852703   10.05804858]
        location:  [-240.52760766   -6.72247397    9.70066198]
        location:  [-235.01715006   -7.06508323    9.3780055 ]
        location:  [-229.08625484   -7.19049987    9.17963393]
        location:  [-222.39833067   -7.71929638    9.12448066]
        location:  [-215.39576064   -7.7801812     8.85611154]
        location:  [-208.74287031   -7.83054266    8.89007681]
        location:  [-201.7130958    -8.19501137    8.70015966]
        location:  [-195.43525185   -8.40128121    7.9704185 ]
        location:  [-188.98889546   -9.01140747    8.07332299]
        location:  [-183.22567033   -9.15332765    7.82482661]
        location:  [-177.73591788   -9.42202647    7.68809458]
        location:  [-172.40529837   -9.41172025    8.09464379]
        location:  [-167.38932609   -9.6608159     8.48044562]
        location:  [-162.53137771  -10.21418519    7.42943978]
        location:  [-157.60746513  -10.22504222    7.06352754]
        location:  [-152.94004671  -10.79305216    6.8602452 ]
        location:  [-147.85671803  -11.22279188    5.76067289]
        location:  [-141.34703138  -11.77318098    5.18460818]
        location:  [-134.64186126  -12.35637843    4.51511231]
        location:  [-127.89055036  -13.51706387    3.14632044]
        location:  [-120.98724614  -14.23825988    2.65692852]
        location:  [-108.82395405  -15.38743       2.70598323]
        location:  [-104.10330696  -15.97558427    2.28757213]
        location:  [-98.9834841  -15.94344748   2.48601594]
        location:  [-94.714595   -15.92646968   2.29739159]
        location:  [-90.34972218 -15.36774779   2.51762685]
        location:  [-88.05716597 -14.57778799   2.54921148]
        location:  [-85.70527602 -13.39891436   2.5059882 ]
        location:  [-84.14527077 -12.55764613   2.56248924]
        location:  [-82.71483427 -11.62000794   2.07538402]
        location:  [-80.58800391 -10.74610476   2.05372254]
        location:  [-79.12634038 -10.03376193   2.30775961]
        location:  [-77.33103207  -9.16142817   2.69730944]
        location:  [-75.94033011  -8.49381495   2.92770816]
        location:  [-74.40046922  -8.34305948   2.70518151]
        location:  [-73.75956105  -8.05044193   2.23940649]
        location:  [-71.49738237  -8.02372741   2.38957533]
        location:  [-69.64836659  -8.05445287   2.28600227]
        location:  [-68.74187791  -8.64974782   1.90986957]
        location:  [-68.80554848  -9.16042818   1.53764397]
        location:  [-68.77663561  -9.31436286   1.33992258]
        location:  [-68.49275363  -9.19875976   1.04107154]
        location:  [-66.87851327  -9.95112766   0.72575749]
        location:  [-64.25112303 -10.74440741   0.55790066]
        location:  [-61.93805927 -11.44011455   0.47338948]
        location:  [-59.54854744 -11.55603916   0.59824305]
        location:  [-57.62531728 -11.63800458   0.85078405]
        location:  [-55.28342349 -11.74526866   0.79779936]
        location:  [-53.43253755 -11.89471365   0.64916058]
        location:  [-51.18765158 -11.65247345   0.41418271]
        location:  [-48.88002923 -11.88874188   0.3846675 ]
        location:  [-45.92713422 -11.85708577   0.4759947 ]
        location:  [-42.56917126 -11.89132688   0.43460248]
        location:  [-39.96163768 -12.11070003   0.12975462]
        location:  [-35.81883502 -11.66730937   0.27914474]
        location:  [-32.65991545 -11.68450923   0.38534416]
        location:  [-30.57835701 -11.76388457  -0.16913174]
        location:  [-27.77009976 -11.83630099  -0.15580205]
        location:  [-24.98668709 -11.46816482   0.04150979]
        location:  [-22.59846338 -11.11470845   0.15610291]
        location:  [-19.89115526 -11.0295778    0.20259684]
        location:  [-17.82021235 -10.9381744    0.50326088]
        location:  [-15.56099458 -10.65752408   0.70279802]
        location:  [-13.8631818  -10.8946468    0.83317508]
        location:  [-12.40430181 -10.85515615   0.70459716]
        location:  [-10.62568888 -10.98630869   0.80430426]
        location:  [ -9.40100313 -11.05881319   0.59966878]
        location:  [ -8.44877284 -10.78109309   0.3177826 ]
        location:  [ -7.17161166 -10.5438394    0.21752853]
        location:  [-5.65630209 -9.84243645  0.42424005]
        location:  [-4.39391958 -8.93402173  0.5260841 ]
        location:  [-2.19563849 -7.83811632  0.94644908]
        location:  [-0.73773814 -6.76008379  1.18819949]
        location:  [ 0.14063638 -5.83422634  1.39814486]
        location:  [ 0.44991647 -5.03473176  0.91055899]
        location:  [ 0.79766383 -4.64722755  0.64299636]
        location:  [ 0.99017138 -4.66237594  0.4828348 ]
        location:  [ 1.22037874 -4.51993412  0.66854227]
        location:  [ 1.40419703 -4.44419004  0.72212261]
        location:  [ 1.11703796 -4.36443923  0.83608935]
        location:  [ 1.4284409  -4.3113913   0.93522555]
        location:  [ 1.17692678 -4.27401769  0.71405494]
        location:  [ 1.2490829  -4.45003434  0.76771188]
        location:  [ 0.62656264 -4.63610133  0.2736519 ]
        location:  [ 0.66940887 -4.74420651  0.19348659]
        location:  [ 0.56924383 -4.89388244  0.19247029]
        location:  [ 0.37541636 -4.97252003  0.09545342]
        location:  [ 0.61964383 -4.95397192  0.26849391]
        location:  [ 0.82954206 -4.64515954  0.30371605]
        location:  [ 0.62970911 -4.79270267  0.13303581]
        location:  [ 0.8767796  -4.66836186  0.21180431]
        location:  [ 0.7239766  -4.67625745  0.11356197]
        location:  [ 1.03393338 -4.55560264  0.38121385]
        location:  [ 1.2434635  -4.49335343  0.47540208]
        location:  [ 1.23192711 -4.51834755  0.39844506]
        location:  [ 0.71892432 -4.74678546  0.49191164]
        location:  [ 0.56222392 -4.75500713  0.33851824]
        location:  [ 0.33263803 -4.81614972  0.37804513]
        location:  [ 0.27859059 -5.00050292  0.3141785 ]
        location:  [ 0.35417768 -4.97205527  0.11248474]
        location:  [ 0.31700772 -4.98266438  0.15136618]
        location:  [ 0.36290842 -4.83704793  0.19227091]
        location:  [ 0.36471022 -4.93867783  0.05306439]
        location:  [ 0.67091208 -4.85655324  0.10473022]
        location:  [ 0.79291137 -4.70737981  0.1841389 ]
        location:  [ 0.7304659  -4.79923661  0.0728826 ]
        location:  [ 0.45044743 -4.90983904  0.1128491 ]
        location:  [-0.07641258 -5.14509776 -0.17432122]
        location:  [-4.01084268e-02 -5.09355848e+00 -4.25436039e-03]
        location:  [ 0.09822797 -5.13761748  0.02024249]
        location:  [-2.91216134e-02 -5.02614115e+00  2.53027949e-03]
        location:  [ 0.26500205 -4.99622396  0.13151153]
        location:  [ 0.20429443 -4.93966857  0.10396756]
        location:  [ 0.30211315 -4.8643529   0.13981569]
        location:  [ 0.37834185 -4.72289978  0.23918893]
        location:  [ 0.6358109  -4.8705836   0.49146747]
        location:  [ 0.87284874 -4.51739613  0.54092507]
        location:  [ 1.13356456 -4.46139749  0.72487178]
        location:  [ 1.06194141 -4.47889141  0.58764927]
        location:  [ 0.85777708 -4.21145864  0.54892683]
        location:  [ 0.69275865 -4.08146584  0.42488863]
        location:  [ 0.79168347 -4.21475329  0.42821265]
        location:  [ 1.13031439 -3.67488503  0.46145619]
        location:  [ 1.73270078 -2.64483415  0.85203063]
        location:  [ 2.62840113 -0.73491031  1.69013326]
        location:  [2.72025719 1.22996901 2.25817338]
        location:  [3.56889559 4.29010732 3.60881848]
        location:  [2.32979807 7.10771789 4.21281026]
        location:  [ 0.64124966 10.25462732  5.17694434]
        location:  [-0.93077177 13.95274802  6.16358491]
        location:  [-2.23143097 18.0014514   6.19570668]
        location:  [-2.2693928  22.73379406  6.03247489]
        location:  [-2.02694398 27.60865003  5.120817  ]
        location:  [-1.82090467 32.95778714  4.16145933]
        location:  [-2.37981181 38.08197873  4.11614114]
        location:  [-3.22297304 43.52547139  4.39699492]
        location:  [-4.11331617 49.60010128  4.15868629]
        location:  [-4.82541921 55.19882438  3.02402637]
        location:  [-4.64796237 61.23185825  2.84952639]
        location:  [-5.31194236 66.63994557  2.93358391]
        location:  [-4.44792835 72.22912886  3.01598017]
        location:  [-4.14179798 77.53415204  3.0189078 ]
        location:  [-3.46631598 83.4581669   3.39545685]
        location:  [-2.18234477 89.19100033  4.15700536]
        location:  [-1.51302611 94.85179913  3.61576645]
        location:  [ -0.72847108 100.25362156   3.13413138]
        location:  [ -0.5756416  105.5439817    3.39226572]
        location:  [ -0.91377435 110.86067197   3.4128321 ]
        location:  [ -1.56970241 115.49279438   3.02982326]
        location:  [ -3.10945474 120.15108761   2.32438294]
        location:  [ -2.69759002 124.95406218   2.63905326]
        location:  [ -2.08659575 129.32837937   2.60575229]
        location:  [ -1.14974481 133.67307661   2.99010948]
        location:  [ -0.37723712 138.23270786   2.81294996]
        location:  [  0.69522063 142.96487016   2.56157078]
        location:  [  1.70769337 147.12474554   2.79428404]
        location:  [  1.85660337 151.57163109   2.81930069]
        location:  [  2.10811634 156.4044992    2.3717285 ]
        location:  [  4.63931313 166.11218834   3.00155583]
        location:  [  5.3959762  176.6423217    3.73970115]
        location:  [  5.99848702 182.02055804   4.55223917]
        location:  [  5.60815449 187.75632577   4.5176626 ]
        location:  [  5.95417402 193.94168786   4.63439126]
        location:  [  5.88010033 206.09268173   5.10880177]
        location:  [  5.58105303 212.54918428   4.94250785]
        location:  [  6.85532484 218.85641522   5.47710268]
        location:  [  8.16576115 232.50369952   6.27791331]
        location:  [  8.06740731 253.16850883   6.34249724]
        location:  [  9.13502443 301.52738633   5.27355766]
        location:  [ 16.99036804 583.64835754  10.76368123]
        location:  [ 18.8244561  580.70729859  11.13393814]
        location:  [ 19.82846763 579.10289282  11.75332303]
        location:  [ 22.08894544 575.38002996  11.44122665]
        location:  [ 19.77622591 508.5824941   14.90340488]
        location:  [ 19.63412502 495.7395139   16.52898822]
        location:  [ 21.43384196 439.09740061  21.03187208]
        location:  [ 20.02337334 417.86585874  21.24901766]
        location:  [  8.83569191 298.10159576  25.77054738]
        location:  [  4.57441515 268.1828982   24.84750932]
        location:  [  2.69387879 249.06386174  24.00808716]
        location:  [  1.22060841 231.57965793  22.70068673]
        location:  [ -1.33658349 198.35222141  18.61167868]
        location:  [ -1.227701   190.56911443  18.57770718]
        location:  [ -1.76976339 182.52289783  18.18700731]
        location:  [ -1.02660851 167.27860602  17.35444528]
        location:  [ -0.63808636 159.77187089  16.79647109]
        location:  [ -1.90272769 152.0892424   15.3567694 ]
        location:  [ -2.31437338 144.53999509  14.72523096]
        location:  [ -2.21421802 136.83619106  14.30676224]
        location:  [ -2.15470558 130.07945023  13.98178152]
        location:  [ -2.65853323 123.49031882  13.58737415]
        location:  [ -2.65519896 116.45438359  13.34765088]
        location:  [ -3.0637732  109.42476471  13.29394178]
        location:  [ -3.24446817 102.772959    12.93574875]
        location:  [-4.42074455 95.38776876 12.35201484]
        location:  [-5.26560116 81.78433151 10.85819673]
        location:  [-5.99077127 74.36489758 10.31552586]
        location:  [-5.65901626 67.57597396 10.37972292]
        location:  [-5.30289013 39.18993078 10.5645233 ]
        location:  [-5.11060119 32.73722281 10.28121543]
        location:  [-5.3360215  25.74584606  9.61694341]
        location:  [-5.42252231 19.31019941  9.12105626]
        location:  [-6.13783419 12.49742872  8.57760791]
        location:  [-6.96568372  5.97427534  8.31191032]
        location:  [-8.19311032 -0.18143673  8.02460584]
        location:  [-8.39746236 -5.5189547   7.91545116]
        location:  [ -8.66865787 -10.56442426   7.58628183]
        location:  [ -7.57813907 -14.70852541   7.46046364]
        location:  [ -6.72363815 -18.35688724   7.69679755]
        location:  [ -6.29210619 -21.3691926    8.1509536 ]
        location:  [ -5.64923777 -24.23534645   9.09345233]
        location:  [ -5.61429683 -26.7888705    9.85375273]
        location:  [ -5.54107933 -29.1209547   10.25598701]
        location:  [ -5.94985526 -31.57687489  10.31408791]
        location:  [ -6.66325548 -34.57711797   9.23460562]
        location:  [ -7.55319834 -38.17030041   7.86264766]
        location:  [ -7.83240137 -41.93599318   6.70268091]
        location:  [ -9.3907956  -46.17149644   4.90974648]
        location:  [-10.14257816 -50.92710447   3.870364  ]
        location:  [-11.136715   -56.4308286    3.66748185]
        location:  [-12.39357688 -62.20480246   4.0388493 ]
        location:  [-13.46631621 -68.60730697   4.50462898]
        location:  [-14.07736938 -75.5404314    4.60998349]
        location:  [-14.7019884  -82.86943835   5.16791911]
        location:  [-15.19837103 -90.56341066   6.04814363]
        location:  [-15.72204925 -98.99806642   7.28418988]
        location:  [ -15.81175208 -107.79623337    8.30529771]
        location:  [ -15.11844129 -116.15448529    9.79624864]
        location:  [ -14.76249281 -125.01234751   10.6757385 ]
        location:  [ -15.53179012 -134.51020691   11.80387798]
        location:  [ -15.7775821  -154.29316982   14.35518461]
        location:  [ -16.25785661 -174.55996802   17.3455805 ]
        location:  [ -15.40831473 -184.37484015   18.49831962]
        location:  [ -11.53876616 -228.1955663    22.20753509]
        location:  [  -7.7862447  -244.81256862   20.82544741]
        location:  [  -7.35971372 -253.69834814   19.47636988]
        location:  [  -5.82101863 -262.68665098   18.94312947]
        location:  [  -4.10180214 -270.44170881   19.65708086]
        location:  [  -3.91285785 -278.6347725    20.43812645]
        location:  [  -3.28128955 -287.49877986   21.33070628]
        location:  [  -1.76923401 -296.03538324   22.3212105 ]
        location:  [  -1.03874638 -304.70866811   22.14176654]
        location:  [-2.93340947e-01 -3.14116147e+02  2.22476311e+01]
        location:  [   0.47974512 -323.39473265   22.63980574]
        location:  [   1.05288525 -331.97158702   22.12805474]
        location:  [   0.75101495 -340.14862564   21.1779881 ]
        location:  [-1.45312920e-01 -3.48350798e+02  2.08552395e+01]
        location:  [  -1.35899985 -357.32615721   19.86728631]
        location:  [  -2.15260995 -365.8737908    18.52401891]
        location:  [  -3.51185524 -374.55863363   17.0140743 ]
        location:  [  -4.67324687 -383.36533287   16.57400427]
        location:  [  -5.85382385 -392.16773848   15.51095751]
        location:  [  -7.48952505 -400.58808857   14.91686485]
        location:  [  -8.88314865 -408.64290132   14.82273832]
        location:  [ -10.89099981 -417.61300346   15.55522722]
        location:  [ -11.7715649  -427.44347447   14.7682493 ]
        location:  [ -11.76369496 -436.72427794   14.96083001]
        location:  [ -12.08556622 -445.9884858    15.74552219]
        location:  [ -12.40167893 -455.71279713   16.51852791]
        location:  [ -12.61909934 -465.42434461   17.33806137]
        location:  [ -12.38862363 -475.17622318   17.9494383 ]
        location:  [ -11.43791837 -484.9359458    18.79108409]
        location:  [ -11.54764081 -495.25935949   18.06767916]
        location:  [ -10.76788225 -504.55961683   17.36150355]
        location:  [  -9.20977425 -513.57979616   16.78433521]
        location:  [  -7.43080004 -521.38455463   16.7011721 ]
        location:  [  -6.57983352 -529.03989025   16.31378389]
        location:  [  -5.3375398  -535.9343287    16.11709124]
        location:  [  -3.80735835 -542.27315812   16.85162664]
        location:  [  -2.71684276 -548.04226117   17.18993632]
        location:  [  -1.64056327 -553.83803525   17.40455384]
        location:  [ 3.27888848e-01 -5.58772175e+02  1.80025058e+01]
        location:  [ 4.60962255e-01 -5.63288814e+02  1.81588412e+01]
        location:  [   0.92515737 -567.33705732   19.05586759]
        location:  [   1.12129594 -571.69293467   19.07531936]
        location:  [   0.7724421  -576.63729679   18.90608628]
        location:  [   2.09618198 -581.56079788   19.19151154]
        location:  [   2.76216615 -585.32527534   20.28811977]
        location:  [   1.97725701 -589.76784719   20.07544513]
        location:  [   1.59229981 -595.14600071   19.82263478]
        location:  [   1.42675958 -600.22898569   19.58039203]
        location:  [ 5.96687776e-01 -6.05648758e+02  1.92908510e+01]
        location:  [   0.75073532 -610.29761471   19.30928767]
        location:  [   1.13661762 -614.2850192    19.39567919]
        location:  [   1.49507363 -617.9045173    20.18010714]
        location:  [   2.09182104 -620.64540061   20.92771363]
        location:  [   2.24440913 -623.50007045   20.76767125]
        location:  [   2.53072029 -626.27362123   21.00762241]
        location:  [   3.22014749 -628.41034151   21.43264163]
        location:  [   3.42960847 -630.44335925   21.61706661]
        location:  [   4.8808007  -631.69668203   21.79158437]
        location:  [   5.32403241 -631.89451164   22.48186264]
        location:  [   5.73834819 -632.23003438   22.61750567]
        location:  [   6.53299979 -631.44945914   23.19246541]
        location:  [   6.2478638  -630.62980122   23.318466  ]
        location:  [   6.80391469 -629.82971069   23.07276457]
        location:  [   7.3749333  -628.71568081   23.21083847]
        location:  [   8.90348439 -627.1928809    23.93277899]
        location:  [  10.37439893 -624.31454787   25.40359403]
        location:  [  10.75386173 -621.43276207   25.78876904]
        location:  [  12.01914661 -617.32438896   26.87694427]
        location:  [  13.08090191 -613.36668217   27.42999009]
        location:  [  13.87295197 -609.30933475   27.95489904]
        location:  [  14.58124425 -604.39469331   28.71021326]
        location:  [  14.79253657 -598.8570284    28.55482433]
        location:  [  14.99937085 -593.65524796   28.63974227]
        location:  [  14.5386224  -588.49155475   28.4052728 ]
        location:  [  14.72463879 -583.39043489   28.64691833]
        location:  [  15.07566897 -577.92702266   29.11569354]
        location:  [  15.65516421 -571.62341808   30.21571573]
        location:  [  16.22586992 -564.87840927   30.88048675]
        location:  [  16.60926986 -557.21866388   30.97429472]
        location:  [  16.42821862 -548.87280644   31.06761904]
        location:  [  15.40331901 -540.94500785   30.50096219]
        location:  [  14.86973767 -532.74955351   29.77577673]
        location:  [  14.32821749 -524.50088295   30.4557122 ]
        location:  [  14.38943717 -516.20628203   30.80278768]
        location:  [  14.14104001 -506.99431694   30.89980333]
        location:  [  13.37499966 -496.8585039    30.94440804]
        location:  [  12.05720031 -486.71535573   29.53299248]
        location:  [  10.49849206 -476.54144301   29.44627479]
        location:  [   9.55943785 -467.19675528   29.13123216]
        location:  [   8.49589461 -447.72154353   30.36824511]
        location:  [   7.41525607 -438.1555334    30.77375507]
        location:  [   4.94240189 -418.47596841   28.91999018]
        location:  [   3.42620764 -408.24946943   28.43932125]
        location:  [   1.33377566 -398.739869     27.65539217]
        location:  [   0.7551244  -389.48024355   28.0222346 ]
        location:  [-3.56000716e-02 -3.80277917e+02  2.76667022e+01]
        location:  [   0.82632165 -371.04099364   27.64149485]
        location:  [   3.3648276  -352.3545011    26.20383931]
        location:  [   4.04737485 -333.41660112   24.48922267]
        location:  [   3.40349537 -302.28203409   20.48495546]
        location:  [   2.47599738 -292.16514638   19.15622019]
        location:  [   2.15061293 -270.19390302   17.53275891]
        location:  [   2.12172708 -259.33784386   17.26830542]
        location:  [   1.71982083 -248.34348651   17.24753011]
        location:  [   1.23241577 -237.03822337   16.79719549]
        location:  [   0.80620492 -225.53953042   16.41959694]
        location:  [  -0.77077777 -203.25052312   15.72734696]
        location:  [  -1.54443395 -192.40391554   15.9017926 ]
        location:  [  -2.8522494  -181.59771202   15.68337928]
        location:  [  -3.42941306 -170.78141198   14.99686376]
        location:  [  -3.95694484 -159.83640535   15.24377593]
        location:  [  -5.6761523  -149.41709121   14.55111411]
        location:  [  -6.08329222 -139.78012522   15.37788722]
        location:  [  -6.76142803 -130.28941123   15.57952848]
        location:  [  -7.4820477  -121.30947943   15.06011711]
        location:  [  -7.57500686 -112.58488945   14.43122955]
        location:  [  -7.53318891 -104.48962894   13.7458039 ]
        location:  [ -7.39684458 -96.53881203  12.92023077]
        location:  [ -7.22840313 -88.03335774  12.24998804]
        location:  [ -7.87582648 -79.8028635   11.49000425]
        location:  [ -7.21431567 -72.76348815  11.37187157]
        location:  [ -6.27609933 -65.72256767  11.71012476]
        location:  [ -5.80348642 -59.23431773  11.04673988]
        location:  [ -4.51529318 -53.05645615  10.41160253]
        location:  [ -3.61863122 -47.17194824   9.87772371]
        location:  [ -3.18980366 -41.34310268   9.12222833]
        location:  [ -2.19705742 -35.93861453   9.0261541 ]
        location:  [ -1.93985523 -30.68256398   8.77526064]
        location:  [ -2.2789352  -26.07961898   8.6834024 ]
        location:  [ -2.42955473 -21.20708375   8.45624499]
        location:  [ -2.72495101 -17.0534677    8.01401325]
        location:  [ -2.40616401 -13.79447086   7.73713764]
        location:  [ -2.42968526 -10.79758098   7.07034405]
        location:  [-2.27330829 -8.42061396  6.79011717]
        location:  [-2.26749318 -6.45203507  6.75704816]
        location:  [-2.78384759 -4.6884727   6.2972636 ]
        location:  [-3.05601601 -3.09408553  5.66369888]
        location:  [-2.28691527 -1.18482405  5.43101756]
        location:  [-2.02760177  0.8975253   5.003798  ]
        location:  [-2.84175122  2.55653698  4.15715131]
        location:  [-3.48182187  3.39575681  3.36868957]
        location:  [-3.10706124  3.89702561  2.64381638]
        location:  [-2.50377887  3.39559071  1.36189983]
        location:  [-1.26534088  2.81578066  0.66160572]
        location:  [0.2303712  1.74725759 0.25589463]
        location:  [2.25316747 0.54057086 0.5875969 ]
        location:  [3.50183016 0.65350867 1.15117987]
        location:  [4.16406073 0.91173332 1.23983884]
        location:  [4.38644784 1.3684425  1.56930544]
        location:  [3.91155495 2.2085596  1.21938882]
        location:  [3.30752079 2.72044882 0.91705805]
        location:  [3.39215892 2.84056987 1.32633091]
        location:  [2.35554924 3.35677315 1.61345532]
        location:  [1.35361784 4.07952928 2.53866966]
        location:  [-0.40944033  4.90030907  2.79846878]
        location:  [-1.63505074  5.23544182  2.70695471]
        location:  [-1.60807318  5.36578079  3.29911095]
        location:  [-1.47125128  5.92663334  4.36481365]
        location:  [-1.28932604  7.2400054   6.62603055]
        location:  [-1.21407206  8.23208667 10.11966738]
        location:  [-0.97987542  9.55798659 14.12748566]
        location:  [-1.24332464 10.50146804 18.2171126 ]
        location:  [-1.0036457  12.02957008 22.20648042]
        location:  [-1.01629701 13.20799989 25.83738377]
        location:  [-0.39828073 14.20485094 30.06498809]
        location:  [-0.10089431 14.94549086 33.91250523]
        location:  [ 0.17242234 15.75777757 38.14140561]
        location:  [ 0.74932729 16.47805283 42.37586825]
        location:  [ 1.06910446 17.01137596 47.06536979]
        location:  [ 1.38793615 17.16972654 51.90309085]
        location:  [ 1.65486526 17.50185171 56.86534622]
        location:  [ 1.71747196 18.49875262 62.20391467]
        location:  [ 1.54785174 19.61572525 67.61941869]
        location:  [ 1.46893417 20.56456949 73.39824689]
        location:  [ 1.67750733 21.58434257 79.50081951]
        location:  [ 1.62693781 22.30458481 85.19532118]
        location:  [ 1.30027627 23.03198813 90.89340061]
        location:  [ 1.61944122 23.58761869 96.88886633]
        location:  [  1.79263373  24.62176256 103.19403898]
        location:  [  1.54192128  25.18326888 110.00246839]
        location:  [  1.47007552  25.51268787 117.48826045]
        location:  [  1.97038756  25.67155689 125.1733488 ]
        location:  [  1.93589677  25.74329839 132.78199213]
        location:  [  2.15378412  25.72360131 140.00012836]
        location:  [  2.93688834  25.81881009 147.41983855]
        location:  [  3.5451683   25.85168447 154.86472212]
        location:  [  4.01566624  25.93935219 162.40011343]
        location:  [  4.03616174  25.26394926 169.95671461]
        location:  [  4.42854768  24.88814238 177.78630409]
        location:  [  5.06457787  24.86884211 185.90106526]
        location:  [  5.47449554  24.94628413 194.66856394]
        location:  [  6.00644305  24.94595517 204.32481053]
        location:  [  5.87409682  25.05222819 214.11010525]
        location:  [  5.55462238  25.30690552 224.05663905]
        location:  [  5.60380842  25.99412776 233.79139307]
        location:  [  5.43441139  26.99485851 243.4981365 ]
        location:  [  5.21687426  27.88394417 253.17624124]
        location:  [  4.80463048  28.37844448 262.87022028]
        location:  [-3.61259881e-02  2.88699014e+01  3.05406956e+02]
        location:  [ -6.76343498  11.14024076 297.40248225]
        location:  [ -5.12290925  14.81459026 265.83150651]
        location:  [ -5.17920538  15.48703344 255.91598297]
        location:  [ -5.57177588  16.13475169 246.51972444]
        location:  [ -5.6263791   16.98143326 237.58990681]
        location:  [ -5.42205637  16.8133424  228.33135317]
        location:  [ -4.88733067  16.30636854 218.71490969]
        location:  [ -4.09465708  15.93378127 208.79827508]
        location:  [ -3.81494547  15.20090947 198.75364364]
        location:  [ -2.84706883  14.24433957 189.03012878]
        location:  [ -2.28449064  13.74855438 179.60692247]
        location:  [ -1.58769006  13.16715871 170.44527727]
        location:  [ -0.30864432  12.33928405 161.48060906]
        location:  [  1.04245944  11.49990499 152.43853499]
        location:  [  2.30000097  10.58102974 143.48226106]
        location:  [  3.271734     9.09080348 134.99570378]
        location:  [  3.28006345   7.38065952 126.63161006]
        location:  [  4.00052974   5.31342091 118.08104155]
        location:  [  4.91557854   3.43745943 109.77870995]
        location:  [  4.81825045   1.80942669 101.88903211]
        location:  [ 4.80078797 -0.28351635 94.77167375]
        location:  [ 4.89050849 -1.7738159  88.03334582]
        location:  [ 4.6653535  -2.56851741 81.51913286]
        location:  [ 4.78647239 -3.39255995 75.24437986]
        location:  [ 4.75226916 -3.85931632 69.05303754]
        location:  [ 3.84313212 -3.57238696 62.94080552]
        location:  [ 3.10553828 -3.33628783 57.32497266]
        location:  [ 1.79115284 -2.19384756 51.89047028]
        location:  [ 0.60656734 -0.73890912 46.64042161]
        location:  [-0.32359297  0.41545297 41.57214321]
        location:  [-1.46709723  1.36346471 36.53671864]
        location:  [-2.03165129  1.78423237 32.41115129]
        location:  [-2.66887737  1.45605698 29.50677147]
        location:  [-3.51371073  0.94866353 26.38791934]
        location:  [-3.20542471  1.20359302 23.44279575]
        location:  [-3.98753713  1.32274904 20.39929187]
        location:  [-4.29500572  0.38407276 17.99492994]
        location:  [-3.69175506 -0.66691356 16.9260418 ]
        location:  [-3.55666802 -1.69535654 15.62029913]
        location:  [-4.48612486 -2.17537475 12.83760648]
        location:  [-3.55216172 -2.46484985 10.42219679]
        location:  [-2.85777105 -4.27578196  7.36309873]
        location:  [-1.98712714 -6.22545598  5.45832929]
        location:  [-2.40869994 -6.47541695  3.86002138]
        location:  [-5.24417282 -6.45078974  1.52465768]
        location:  [-6.93640019 -6.53100538  1.05523796]
        location:  [-8.18758692 -6.140372    1.22287616]
        location:  [-9.32845429 -6.27480094  0.95746575]
        location:  [-9.3016539  -6.57795709  0.80463091]
        location:  [-8.17380369 -6.3615568   0.78680169]
        location:  [-6.95787107 -6.63972665  0.50240455]
        location:  [-5.07328216 -6.58758768  0.43784726]
        location:  [-3.38913802 -6.30726156  0.46669519]
        location:  [-1.06255908 -5.23466277  0.82936085]
        location:  [-0.25547889 -4.09913731  0.7492058 ]
        location:  [-0.5617515  -3.77259529  0.53386992]
        location:  [-0.34315614 -3.65591236  0.73448418]
        location:  [-0.32301184 -3.49342614  0.67330437]
        location:  [-0.11943145 -3.21193934  0.88755458]
        location:  [-0.2545038  -3.10759183  0.92319171]
        location:  [-0.68133417 -3.22096764  0.61292399]
        location:  [-0.56441054 -3.33941054  0.49161578]
        location:  [-0.32078452 -3.29437466  0.3933825 ]
        location:  [-0.1950455  -3.2819468   0.27972566]
        location:  [-0.07072876 -3.12480579  0.48734437]
        location:  [ 0.00597576 -3.16705938  0.31386981]
        location:  [ 0.23391298 -3.13564509  0.3426949 ]
        location:  [ 0.35851307 -3.03835388  0.33725964]
        location:  [ 0.52772242 -3.02701175  0.28529673]
        location:  [ 0.64258815 -2.97248559  0.41436439]
        location:  [ 0.78297905 -2.7553405   0.40260377]
        location:  [ 0.48038339 -2.73216145  0.21361984]
        location:  [ 0.64488002 -2.83909557  0.11042832]
        location:  [ 0.37146891 -2.88983206  0.20388901]
        location:  [ 0.47251483 -2.97786042  0.10913443]
        location:  [ 0.47747036 -2.93699955  0.08531169]
        location:  [ 0.38749397 -2.94268851  0.00946622]
        location:  [ 0.44339463 -2.94718133 -0.02919914]
        location:  [ 0.4796708  -2.75708252  0.01448343]
        location:  [ 0.80578256 -2.73114499  0.20123635]
        location:  [ 0.8589121  -2.54755578  0.14862267]
        location:  [ 0.88753124 -2.00438972  0.54847294]
        location:  [ 1.30637991 -1.25945687  0.9497104 ]
        location:  [ 1.59424292 -0.66075357  1.27004733]
        location:  [ 1.38011668 -0.20479561  1.30479046]
        location:  [ 0.95568988 -0.26037118  1.04310566]
        location:  [ 1.22488567 -0.41632643  1.32991146]
        location:  [ 1.2536573  -0.37129982  1.23047697]
        location:  [ 1.2343971  -0.24797884  0.99393877]
        location:  [ 1.38645444 -0.12415925  1.15856466]
        location:  [1.33491332 0.26005351 1.16162295]
        location:  [0.68832767 0.32390253 0.88405177]
        location:  [0.8097711 0.7950485 1.073329 ]
        location:  [0.73842406 1.12815156 1.14340871]
        location:  [0.44943689 1.13841758 0.90898255]
        location:  [0.37469541 0.97964862 0.7894422 ]
        location:  [0.33906017 0.96847529 0.40144606]
        location:  [0.47604658 0.90591909 0.46459443]
        location:  [0.18506035 0.85652167 0.28659773]
        location:  [0.49069973 0.93638718 0.40859464]
        location:  [0.6553433  1.04717978 0.24110943]
        location:  [0.86192064 1.06235689 0.06481061]
        location:  [ 0.55253311  0.77551343 -0.15914211]
        location:  [-0.30184193  0.63916854 -0.27349668]
        location:  [-0.95381173  2.03942852  0.44246043]
        location:  [-1.99999895  3.16900787  1.10047215]
        location:  [-2.13096726  3.14252013  2.29348105]
        location:  [-1.64870901  2.51222297  4.76874941]
        location:  [-0.93122695  2.21042426  7.66338113]
        location:  [ 0.96547149  2.11492051 12.62727104]
        location:  [ 1.14064189  2.03958829 18.89285257]
        location:  [ 1.28774662  2.33959271 26.75740204]
        location:  [ 1.64505167  1.78958213 35.59975614]
        location:  [ 1.80012159  1.37747602 45.00678194]
        location:  [ 0.77134132  1.39261222 55.24314281]
        location:  [-1.31775062  0.9560936  66.30968765]
        location:  [-4.09106390e+00 -5.01559482e-03  7.79382887e+01]
        location:  [-6.6329753  -0.9241806  89.61313091]
        location:  [ -9.13679681  -1.59679228 100.77506552]
        location:  [-11.44004118  -1.79482091 111.85620639]
        location:  [-13.90716451  -1.73061549 122.53724208]
        location:  [-16.30445708  -1.0878586  133.9207712 ]
        location:  [-19.67290552  -0.50923529 145.76276328]
        location:  [-2.22542610e+01 -4.88522640e-03  1.57849647e+02]
        location:  [-23.64612498   0.45307172 169.94314685]
        location:  [-25.24887011   1.21726893 181.43452571]
        location:  [-26.57587025   1.69111185 193.13077236]
        location:  [-27.3625649    2.19858373 206.22319988]
        location:  [-28.12327206   3.11710064 219.96455036]
        location:  [-28.91086245   4.04041328 234.28385966]
        location:  [-29.03139621   4.70602147 249.41236766]
        location:  [-28.74582365   5.24315366 264.82019187]
        location:  [-27.19948811   5.99090211 280.54688565]
        location:  [-25.45961907   6.42024482 295.31543966]
        location:  [432.0146051  -46.85399261 369.77271562]
        location:  [443.87563211 -50.71208855 369.71044623]
        location:  [454.28562694 -53.65256425 369.85322094]
        location:  [464.13973764 -56.52043169 369.7236931 ]
        location:  [473.64663065 -59.38514467 370.17461364]
        location:  [482.11340488 -61.21391864 370.5914663 ]
        location:  [490.08840851 -62.76120485 371.18479113]
        location:  [498.30811059 -64.46906704 372.14950228]
        location:  [506.53516197 -66.25114759 373.26851214]
        location:  [514.34934785 -67.44030588 374.66751713]
        location:  [521.37636759 -68.4893701  375.96042579]
        location:  [527.68814537 -69.87031831 377.36752849]
        location:  [533.76242675 -71.34042936 378.69109938]
        location:  [539.88901212 -72.55987228 379.74762974]
        location:  [545.69410125 -73.5531887  380.55119222]
        location:  [551.22260045 -74.85156076 381.32324868]
        location:  [556.41499566 -76.32061471 382.12937966]
        location:  [561.3880728  -77.66038475 382.78540251]
        location:  [565.76849555 -78.44685057 383.25290365]
        location:  [570.34001063 -79.63742299 383.87053043]
        location:  [575.18006642 -81.48155413 384.76843187]
        location:  [579.01597566 -83.06407998 385.41991734]
        location:  [581.5447315  -83.35627404 385.6741575 ]
        location:  [583.38416021 -83.73646363 386.17784134]
        location:  [584.81006965 -84.44890042 387.22271232]
        location:  [585.58694813 -84.69176037 387.82801173]
        location:  [585.72280466 -84.13983158 388.28597511]
        location:  [585.33052268 -83.51647409 388.81831454]
        location:  [583.64266098 -82.40224305 389.4783912 ]
        location:  [581.06435448 -80.47576201 389.73824432]
        location:  [577.89807775 -78.71716376 390.26768688]
        location:  [569.69519121 -75.10611012 391.37537649]
        location:  [564.82704897 -74.1416813  392.28213861]
        location:  [559.60298158 -73.69871737 393.40284887]
        location:  [553.95180621 -73.58895735 394.23165913]
        location:  [547.3211659  -73.20178406 394.3805265 ]
        location:  [539.93823605 -72.84182799 394.36936592]
        location:  [531.61997256 -72.12374761 393.98584844]
        location:  [522.84121072 -71.11561551 393.446834  ]
        location:  [513.78261183 -70.41634727 393.4663895 ]
        location:  [ 44.10492642 -16.51888503 318.47640213]
        location:  [  9.52290069 -11.78017552 311.21918912]
        location:  [-13.60464608  -7.75290848 308.76674162]
        location:  [-16.80887631  -6.60354228 308.01061326]
        location:  [-23.48011592  -4.66462322 307.72237291]
        location:  [-27.67754103  -4.20410518 308.20380809]
        location:  [-30.22736884  -4.27082134 308.9384978 ]
        location:  [-39.63617491  -5.12013476 308.58236389]
        location:  [-47.31867621  -5.0294436  311.32568072]
        location:  [460.52786319 -51.31498862 444.88971026]
        location:  [460.42431675 -50.55518721 430.56040589]
        location:  [460.96504867 -49.9297408  417.69256113]
        location:  [461.80236649 -49.88276953 406.93388105]
        location:  [463.34684296 -49.87112061 398.04880447]
        location:  [464.10274338 -49.22620315 390.2831889 ]
        location:  [464.64817106 -48.66776644 383.5225558 ]
        location:  [465.98887876 -49.88308935 378.53771241]
        location:  [468.00783452 -52.01706378 374.35816295]
        location:  [470.47962759 -54.98654716 370.05396409]
        location:  [473.61943415 -58.75754138 365.80830646]
        location:  [477.20028658 -63.86008373 362.76761482]
        location:  [480.25584695 -70.48677128 361.25272934]
        location:  [482.8932266  -77.82526429 360.39344294]
        location:  [484.9659286  -85.65879979 359.82728283]
        location:  [486.47754139 -93.66093217 358.95339701]
        location:  [ 488.12322341 -102.0958251   358.18136745]
        location:  [ 490.03917811 -111.44123244  357.74077893]
        location:  [ 491.43931977 -121.53619527  358.20105165]
        location:  [ 492.48738743 -131.59573784  358.99551486]
        location:  [ 493.68396959 -141.40744361  359.52138332]
        location:  [ 495.03963907 -151.44446139  360.17489457]
        location:  [ 496.1401576  -161.79773833  360.77346589]
        location:  [ 496.87887707 -172.62391719  361.76345242]
        location:  [ 498.15504652 -184.19360084  363.42544198]
        location:  [ 498.98130572 -195.80819763  364.91418509]
        location:  [ 499.84613016 -208.05348926  366.31182635]
        location:  [ 500.02057761 -220.06191264  367.64971824]
        location:  [ 500.06497676 -232.45398209  368.74188697]
        location:  [ 500.86976123 -245.52665876  369.70262071]
        location:  [ 501.36969246 -258.85558136  370.77480122]
        location:  [ 501.09527522 -272.51993744  371.8490428 ]
        location:  [ 501.34267589 -286.69552173  373.13466236]
        location:  [ 502.28827135 -301.44865273  374.27398167]
        location:  [ 503.35246544 -316.51862562  375.59394081]
        location:  [ 504.32742392 -331.67715577  377.25805076]
        location:  [ 505.20908476 -346.86989249  379.33272699]
        location:  [ 506.2194667  -362.41114611  381.72537295]
        location:  [ 507.56535207 -378.05448841  383.84661494]
        location:  [ 508.92974844 -393.26280993  386.0800297 ]
        location:  [ 509.78302753 -408.25375616  387.88324109]
        location:  [ 510.51561619 -423.07611538  389.65516728]
        location:  [ 511.41479501 -437.36622561  391.8571014 ]
        location:  [ 512.30448375 -451.38956355  394.26792267]
        location:  [ 512.67756401 -464.51121462  396.60719174]
        location:  [ 512.44439784 -477.06764344  397.5693127 ]
        location:  [ 512.91890575 -489.22253758  398.01164249]
        location:  [ 512.45743032 -501.03705249  399.13264003]
        location:  [ 511.6680082  -512.91116094  399.68757833]
        location:  [ 510.56740305 -524.39748071  400.76588065]
        location:  [444.25338657 595.56820762 445.12450721]
        location:  [448.27774129 591.33846489 444.30568462]
        location:  [452.68962335 586.63629742 442.50213387]
        location:  [456.7708226  581.56733719 439.77822256]
        location:  [459.5245575  576.29120334 437.49623515]
        location:  [463.23526805 564.447787   435.16115499]
        location:  [464.19105008 557.47956632 434.61351723]
        location:  [465.27803494 549.33965092 434.3120268 ]
        location:  [466.37665372 539.46702457 434.45278411]
        location:  [466.91624992 528.0327499  434.83970123]
        location:  [467.21281418 515.44024502 435.20511038]
        location:  [467.93777858 502.38463498 435.61620923]
        location:  [469.08313005 488.0259869  436.24475381]
        location:  [471.12436838 471.67858564 437.29740747]
        location:  [473.47814343 454.00764609 437.64024639]
        location:  [476.88703251 435.66201867 437.28017142]
        location:  [480.9650618 416.3170057 436.6768285]
        location:  [484.82670064 395.96846379 436.29460964]
        location:  [488.58856461 374.9780164  436.00674465]
        location:  [492.32748971 353.58733334 436.50155188]
        location:  [495.89885503 331.82214385 437.36326652]
        location:  [499.82374735 309.70205749 438.30108994]
        location:  [503.42849125 287.10139465 439.24585539]
        location:  [506.53554369 264.68813887 440.1330606 ]
        location:  [508.96999582 242.60851059 440.76086525]
        location:  [510.62277487 221.25301418 441.33214479]
        location:  [511.72113205 200.00151496 441.9953998 ]
        location:  [511.76460384 178.81175398 442.56551145]
        location:  [510.86318665 156.93472907 443.34681654]
        location:  [509.47742982 134.61891646 443.74041407]
        location:  [507.90693114 112.25013155 443.18210056]
        location:  [505.58837788  90.66646628 442.16785481]
        location:  [502.54774863  69.4428825  441.2513191 ]
        location:  [499.72022268  46.88886074 440.37413203]
        location:  [498.12195558  23.0853388  439.55246275]
        location:  [497.35554547  -0.5043033  438.69210592]
        location:  [496.68718594 -22.70160128 438.86789948]
        location:  [495.41799666 -43.82242342 440.32076102]
        location:  [493.91028838 -63.12701629 443.573046  ]
        location:  [492.28398118 -80.41658466 448.59216594]
        location:  [490.25681019 -96.32104635 454.27238592]
        location:  [ 488.38705119 -110.55133216  459.86485787]
        location:  [ 486.17285641 -122.88698672  464.78180787]
        location:  [ 483.38133656 -135.08760277  469.54964803]
        location:  [ 479.49242321 -146.84710311  474.85172724]
        location:  [ 455.40745927 -205.598487    492.12194597]
        location:  [ 454.8294296  -573.45450157  457.63914758]
        location:  [ 456.41377553 -574.20265489  457.00989042]
        location:  [ 449.15576763 -564.85116616  453.73741952]
        location:  [ 444.84142403 -559.08773619  453.03173793]
        location:  [ 431.39792881 -537.08949105  451.42620595]
        location:  [ 425.81894166 -527.75180738  451.47932871]
        location:  [335.39081747 432.25303522 403.17957906]
        location:  [383.78858165 477.16527688 404.17828469]
        location:  [394.62404874 487.53005289 406.11108996]
        location:  [404.47903926 497.3134388  408.30102235]
        location:  [413.73776514 506.47177972 410.17115721]
        location:  [422.29706478 515.9646859  411.48993514]
        location:  [430.69695214 524.24164092 412.23591482]
        location:  [438.32696119 530.81655598 412.55817971]
        location:  [444.96269708 536.87765847 412.71063263]
        location:  [450.98419295 542.15743549 412.51195369]
        location:  [456.23320496 546.46150415 411.88897448]
        location:  [460.58997104 549.86911597 410.50488718]
        location:  [464.7100215  553.02976896 409.12858095]
        location:  [473.62430952 561.44990539 405.76727743]
        location:  [472.67111476 561.89198183 404.58224782]
        location:  [471.13752091 562.17267969 402.39436105]
        location:  [468.3254102  562.22433107 399.77728728]
        location:  [465.3476676  561.41425125 396.97641117]
        location:  [462.24136383 559.84841394 394.53980653]
        location:  [452.87672097 554.8928743  391.03190164]
        location:  [446.36519307 552.15837    390.43396642]
        location:  [439.3754036  548.56250108 390.31131319]
        location:  [431.84421542 544.38775008 390.33584832]
        location:  [407.63915905 526.18597243 391.33162568]
        location:  [386.50549999 507.59203658 391.33737291]
        location:  [374.291925   497.0334791  391.19944259]
        location:  [346.84604821 472.31198448 391.06710456]
        location:  [333.13538686 458.35264428 391.18003051]
        location:  [-48.45252127  -7.23913136 209.11224972]
        location:  [-39.95374452  -3.45738693 197.76216685]
        location:  [-32.03295049   0.91769666 184.1288204 ]
        location:  [-24.4160545    4.27863233 169.5590163 ]
        location:  [-16.89355903   6.28806382 155.49414748]
        location:  [-10.29976056   7.17493933 143.08206112]
        location:  [ -6.71417635   7.8694224  131.52415889]
        location:  [ -4.24516299   8.44051331 119.38908202]
        location:  [ -2.69200511  10.03808791 106.49280499]
        location:  [-0.73796896 11.31611874 94.0089038 ]
        location:  [ 0.75227396 11.54814608 83.38548652]
        location:  [ 2.19280955 10.99116666 74.41416052]
        location:  [ 2.86807053 11.28285528 66.1314948 ]
        location:  [ 2.60669182 11.36677992 58.61591125]
        location:  [ 2.10065083 10.98562406 52.70906185]
        location:  [ 0.48535308 10.78353284 47.2694402 ]
        location:  [-0.80959334 11.03814147 42.87250773]
        location:  [-3.03509437 10.63806217 38.59360627]
        location:  [-3.26496438  9.71527255 34.67171554]
        location:  [-3.23678561  8.0734168  29.86671364]
        location:  [-0.05746093  6.07580633 21.01146604]
        location:  [-0.44102096  4.84732493 17.16789745]
        location:  [-1.89653297  3.65438027 14.72458025]
        location:  [-3.11569969  2.75371015 12.80351064]
        location:  [-4.46689694  2.16008313 11.11889587]
        location:  [-4.92397009  1.6471424   9.69120636]
        location:  [-4.8282683   1.33227303  8.20712085]
        location:  [-4.7995157   0.99733952  5.84069053]
        location:  [-3.91969995  0.30103368  4.43988007]
        location:  [-2.14712999 -0.49211896  3.7355655 ]
        location:  [-1.88457415 -0.45515351  3.19263725]
        location:  [-1.3799773   0.04488049  2.71851308]
        location:  [-0.75946038  2.01669823  1.90476787]
        location:  [0.14850375 2.33302005 1.08918692]
        location:  [1.11801985 1.96243005 0.83454716]
        location:  [2.16053851 1.86664494 0.51387812]
        location:  [3.43649738 1.71892275 0.63619752]
        location:  [3.76073025 1.60909049 0.63893901]
        location:  [3.41838093 1.47639918 0.16590317]
        location:  [3.74809286 1.63217989 0.30539169]
        location:  [4.16906237 2.12919684 0.37823688]
        location:  [4.22912718 2.27576372 0.43580047]
        location:  [4.09843732 2.20244301 0.25624676]
        location:  [4.06006378 1.87974444 0.49654878]
        location:  [3.23450909 1.31662649 0.73338324]
        location:  [2.52744895 0.61893844 0.59179084]
        location:  [1.84333256 0.04964216 0.40039055]
        location:  [ 1.9321221  -0.02771897  0.51210086]
        location:  [ 1.91061741 -0.08202498  0.56712723]
        location:  [ 2.20385717 -0.109958    0.51294819]
        location:  [ 2.19107687 -0.18462418  0.62969811]
        location:  [ 2.24418517 -0.10481514  0.48715508]
        location:  [ 2.13843297 -0.04176728  0.48085744]
        location:  [1.9604586  0.03476021 0.50475485]
        location:  [1.60855774 0.04453851 0.46470623]
        location:  [1.5690004  0.18463942 0.46756434]
        location:  [1.54862492 0.06883891 0.43574676]
        location:  [1.46621951 0.1450209  0.56467766]
        location:  [1.2732975  0.3615805  0.51651082]
        location:  [1.15079143 0.24020884 0.4175786 ]
        location:  [0.99556819 0.19301686 0.57643296]
        location:  [0.96944485 0.3129396  0.54361596]
        location:  [0.83917972 0.20565354 0.74040435]
        location:  [0.33302393 0.21716    0.60466796]
        location:  [0.72644795 0.33113448 0.77133209]
        location:  [0.95109748 0.26210917 0.82271356]
        location:  [0.67221249 0.13887153 0.51677172]
        location:  [-0.08992141 -0.7832347   0.18426288]
        location:  [ 0.09377499 -2.02540112  0.70783915]
        location:  [ 0.10617195 -2.0935212   0.50916676]
        location:  [-0.01898744 -2.30109358  0.33912533]
        location:  [-0.08962918 -2.37265551  0.35667361]
        location:  [-0.53726725 -2.54282299  0.07122208]
        location:  [-0.25353818 -2.44795314  0.32905216]
        location:  [-0.55507772 -2.4499509   0.34044001]
        location:  [-0.64455178 -2.5886726   0.41506268]
        location:  [-0.35868143 -2.33776825  0.57730111]
        location:  [-2.02487036e-03 -2.31780989e+00  6.22591153e-01]
        location:  [ 0.01911391 -2.26918854  0.63845977]
        location:  [-0.15661646 -2.30772168  0.40796112]
        location:  [-0.08503549 -2.33512501  0.28123543]
        location:  [-0.2961286  -2.47344504  0.21268929]
        location:  [-0.45861105 -2.40929634  0.19329739]
        location:  [-0.39162603 -2.43278457  0.35457198]
        location:  [-0.39020227 -2.49445922  0.36316905]
        location:  [-0.51602418 -2.41713367  0.33519224]
        location:  [-0.31254919 -2.3632369   0.39931407]
        location:  [-0.33956238 -2.32539575  0.32780498]
        location:  [-0.17343046 -2.46235054  0.32678053]
        location:  [-0.47172376 -2.58196991  0.05350005]
        location:  [-0.34506502 -2.56883865  0.19199358]
        location:  [-0.55350246 -2.59465339  0.01912121]
        location:  [-0.43839098 -2.48605097  0.20211648]
        location:  [-0.44463671 -2.37303994  0.20153933]
        location:  [-0.35977167 -2.40817932  0.20592661]
        location:  [-0.10228902 -2.44415707  0.50740692]
        location:  [-0.03739229 -2.18072295  0.49365408]
        location:  [-0.03952457 -2.25426357  0.4542568 ]
        location:  [-0.06598094 -2.16994801  0.38553725]
        location:  [-0.13377364 -2.36068055  0.28455954]
        location:  [-0.23278873 -2.19643778  0.21844833]
        location:  [-0.17409033 -2.35669836  0.19533663]
        location:  [-0.27237949 -2.31479554  0.22929175]
        location:  [-0.39584297 -2.44790805  0.15961105]
        location:  [-0.20825511 -2.33372267 -0.00960221]
        location:  [-0.2160927  -2.20216854  0.0300503 ]
        location:  [ 0.05391825 -2.09950304  0.06134949]
        location:  [ 0.14896659 -2.16186555  0.09792902]
        location:  [ 0.33037571 -1.85579249  0.41147924]
        location:  [ 0.73671231 -1.3105451   0.46158652]
        location:  [1.80618384 0.02161886 0.49948469]
        location:  [2.89480276 1.22370698 0.59779578]
        location:  [3.06247956 1.86741429 0.60170013]
        location:  [3.08586588 2.45971764 0.33577332]
        location:  [3.27250195 2.84261395 0.2841627 ]
        location:  [3.26362173 2.79165178 0.22908039]
        location:  [3.4365305  2.67563617 0.31069642]
        location:  [3.59721874 2.85782338 0.33378797]
        location:  [3.86605833 3.05731564 0.66146004]
        location:  [3.73768216 3.06248895 0.5424058 ]
        location:  [3.74775749 3.06779223 0.4808463 ]
        location:  [3.6939755  2.92782553 0.38882599]
        location:  [3.3241254  2.79125031 0.30054238]
        location:  [3.0544328  2.82466647 0.2446159 ]
        location:  [2.9103018  2.89724578 0.38220267]
        location:  [3.0586053  2.9275275  0.46418621]
        location:  [3.36900749 3.0827034  0.44209157]
        location:  [3.34301975 3.32468618 0.46190823]
        location:  [3.36967834 3.29758672 0.48298685]
        location:  [2.94194349 2.9052584  0.35473104]
        location:  [1.97661528 2.18556017 0.08461758]
        location:  [1.80375371 1.89599069 0.13702344]
        location:  [1.51100529 1.83526173 0.12307763]
        location:  [1.01621935 1.74081098 0.08801779]
        location:  [1.23267789 1.85953264 0.24600128]
        location:  [1.30613518 1.78933886 0.24481578]
        location:  [1.10446121 1.82640886 0.06070115]
        location:  [1.16696012 1.66557098 0.03116175]
        location:  [ 0.9947953   1.79134054 -0.04903628]
        location:  [1.09934037 1.7680792  0.1447933 ]
        location:  [1.27570159 1.91833648 0.19459072]
        location:  [1.11315708 1.80816362 0.34370627]
        location:  [1.11166519 1.94315606 0.20242023]
        location:  [1.58172411 2.00921692 0.51831491]
        location:  [1.55365405 2.06045045 0.56198568]
        location:  [1.28517181 1.91177691 0.35303218]
        location:  [1.30218064 1.96304101 0.59610061]
        location:  [1.32135758 1.99110465 0.5478047 ]
        location:  [1.2228396  2.01756321 0.51613292]
        location:  [1.28891264 2.03476475 0.54263596]
        location:  [1.6576521  2.16268723 0.68988653]
        location:  [1.74204014 2.07845003 0.66132075]
        location:  [1.38423384 1.96152671 0.49423117]
        location:  [1.37960264 2.01845194 0.67939419]
        location:  [1.29943096 2.03321    0.58661788]
        location:  [1.16712617 2.01045521 0.54418878]
        location:  [1.34858433 1.96722619 0.62024885]
        location:  [1.1086033  1.8644417  0.37260029]
        location:  [1.17755741 1.79267185 0.15618295]
        location:  [ 1.08985837  1.63583908 -0.04048105]
        location:  [ 0.66672262  1.5802345  -0.13427967]
        location:  [ 0.44370772  1.41504555 -0.4060299 ]
        location:  [ 0.41331401  1.41591118 -0.28537483]
        location:  [ 0.54342232  1.28288207 -0.37820082]
        location:  [ 0.32452916  1.15422703 -0.40281017]
        location:  [ 0.36686737  1.12752418 -0.44870156]
        location:  [ 0.33847831  1.30117689 -0.50509608]
        location:  [ 0.60321371  1.51542618 -0.28646211]
        location:  [ 0.89353061  1.6513926  -0.26133595]
        location:  [ 1.01462815e+00  1.69214089e+00 -8.76834273e-04]
        location:  [ 0.67360147  1.61188698 -0.31334687]
        location:  [ 0.89233438  1.64210893 -0.0111359 ]
        location:  [1.12519879 1.68970307 0.0469074 ]
        location:  [1.15494911 1.73183004 0.26080322]
        location:  [0.90514078 1.71256791 0.00781926]
        location:  [ 0.87361056  1.59502525 -0.11967956]
        location:  [ 0.77163806  1.46445108 -0.40724542]
        location:  [ 0.68835799  1.52679962 -0.37479818]
        location:  [ 0.83438169  1.59916505 -0.34407088]
        location:  [ 0.88589733  1.72955785 -0.11858808]
        location:  [ 0.81991867  1.72380909 -0.03895578]
        location:  [1.02355821 1.74965782 0.13971021]
        location:  [1.13633459 1.82588489 0.15248598]
        location:  [1.32281836 1.85677101 0.26724184]
        location:  [1.69587154 2.13273136 0.45963354]
        location:  [1.78435477 2.26858118 0.62554591]
        location:  [1.89868441 2.2861815  0.79342765]
        location:  [1.61904833 2.31833866 0.75908117]
        location:  [1.48591127 2.16959184 0.66557786]
        location:  [1.44159124 2.15601599 0.58189015]
        location:  [1.26479448 1.97296045 0.27852185]
        location:  [1.27281465 1.94364743 0.26427427]
        location:  [1.68112507 2.08848964 0.28377052]
        location:  [1.65597583 2.18022358 0.22651302]
        location:  [1.90653841 2.1161928  0.43578428]
        location:  [1.59016752 2.05513927 0.11007127]
        location:  [ 1.41946315  1.92161495 -0.04561226]
        location:  [1.39638876 1.89742067 0.06023062]
        location:  [1.46886697 2.04490559 0.1127056 ]
        location:  [1.74021905 2.11823489 0.4060582 ]
        location:  [1.51894854 2.01352454 0.23402712]
        location:  [1.43162809 1.97420029 0.35964601]
        location:  [1.41736719 2.01714367 0.72571063]
        location:  [2.00447337 2.45887233 1.29702352]
        location:  [2.23114504 2.70517608 1.64056909]
        location:  [2.36429344 2.76033698 1.54952883]
        location:  [2.22752394 2.69107209 1.46649368]
        location:  [2.11753449 2.53595637 1.23532927]
        location:  [2.13034705 2.49251176 1.33034352]
        location:  [1.74518426 2.34479133 1.12884164]
        location:  [1.59040494 2.35783507 0.92740357]
        location:  [1.60205391 2.26490981 0.87294371]
        location:  [1.60135643 2.14038837 0.88682434]
        location:  [1.33514377 2.01154415 0.58570175]
        location:  [1.43317471 1.98595428 0.67802525]
        location:  [1.29854243 1.90717775 0.53553083]
        location:  [0.8973344  1.8271601  0.24734797]
        location:  [0.98742892 1.79351954 0.33183421]
        location:  [0.90314612 1.8054663  0.30632806]
        location:  [1.00397769 1.74378503 0.37923827]
        location:  [0.79607519 1.79562779 0.37696715]
        location:  [1.08030034 1.93400241 0.41690005]
        location:  [1.08116406 1.91592875 0.18558483]
        location:  [1.3810202  2.00946833 0.42870015]
        location:  [1.34163557 1.98691305 0.37969352]
        location:  [1.45144807 1.89181311 0.19118971]
        location:  [1.31040444 1.90111766 0.09760859]
        location:  [1.63853119 1.97081025 0.27819425]
        location:  [1.91789025 1.99771768 0.27433196]
        location:  [1.61879761 2.10254286 0.13629681]
        location:  [ 1.66035431  1.9788867  -0.0101004 ]
        location:  [1.56628127 2.05679785 0.11470147]
        location:  [1.41947595 1.93308778 0.06046068]
        location:  [ 1.22601327  1.99137281 -0.0401104 ]
        location:  [1.53556573 2.03692377 0.24416876]
        location:  [1.48681908 1.92819144 0.33882136]
        location:  [1.37872714 2.00844507 0.19520307]
