        location:  [0.89258974 0.97958262 0.59658224]
        location:  [1.43578523 1.04163644 0.76764337]
        location:  [1.78977378 1.36686089 0.93055362]
        location:  [1.73676058 1.32367271 0.93910948]
        location:  [1.60119412 1.34551357 0.78005791]
        location:  [1.57203562 1.21479059 0.44311848]
        location:  [ 1.55636354  0.87136185 -0.0477044 ]
        location:  [ 1.12830551  0.71220084 -0.53267312]
        location:  [ 1.08724545  0.70887322 -0.63323198]
        location:  [ 1.01162258  0.56951411 -0.40171502]
        location:  [ 1.04419424  0.69015586 -0.16749081]
        location:  [0.88474705 0.71889042 0.00521134]
        location:  [0.8547207  0.9057031  0.15892426]
        location:  [1.10531227 0.94383363 0.62441067]
        location:  [1.42429702 1.16422195 0.88847982]
        location:  [1.32864137 1.24392773 1.02198475]
        location:  [1.558646   1.47782637 1.2320946 ]
        location:  [1.83918276 1.51010263 1.46067412]
        location:  [1.71223922 1.57867887 1.49219598]
        location:  [1.339641   1.45217036 1.27681759]
        location:  [1.50046204 1.50637985 1.47029079]
        location:  [1.70517037 1.58107049 1.64193123]
        location:  [1.53081306 1.38908517 1.53107752]
        location:  [1.73067768 1.38672519 1.53468711]
        location:  [1.35702552 1.21042262 1.26514641]
        location:  [1.16711973 1.15090363 1.31884511]
        location:  [0.76028062 1.11766165 1.30980404]
        location:  [0.83535618 1.19399949 1.44622757]
        location:  [0.91372839 1.10443324 1.76463639]
        location:  [0.87300965 1.09450132 1.67440064]
        location:  [0.86300487 1.14682578 1.49753438]
        location:  [1.12636216 1.15190539 1.66061148]
        location:  [0.94399408 1.13219357 1.45517825]
        location:  [0.91538369 1.2393297  1.42613156]
        location:  [1.19408439 1.18371991 1.22723189]
        location:  [1.24288867 1.06285017 0.85660145]
        location:  [1.18604248 1.06220954 0.56745823]
        location:  [1.72131513 1.18313623 0.81919233]
        location:  [1.64855537 1.22155676 0.43806199]
        location:  [1.95617064 1.337071   0.27100678]
        location:  [1.61704432 1.13094127 0.08035301]
        location:  [1.45104708 1.19228354 0.18361205]
        location:  [1.42530293 1.1554895  0.58270378]
        location:  [1.48750901 1.24012605 0.79941376]
        location:  [1.36133204 1.14290419 1.03489415]
        location:  [1.2137492  1.19176264 1.20899929]
        location:  [1.19227122 1.30439159 1.18030995]
        location:  [0.86124964 1.0922429  0.99708046]
        location:  [0.61682805 1.01302281 0.8723219 ]
        location:  [0.65535741 0.76663192 0.88384647]
        location:  [0.41160964 0.58850889 0.64968277]
        location:  [0.58621786 0.80162551 0.65630037]
        location:  [1.00227506 0.84902627 0.41261363]
        location:  [1.1630016  0.82255685 0.19048123]
        location:  [1.00073776 0.66847857 0.09645881]
        location:  [ 0.4795822   0.40345889 -0.48192382]
        location:  [ 0.37684345  0.20701921 -0.69826972]
        location:  [ 0.08105246  0.14886283 -0.89132276]
        location:  [-0.04283236  0.43848819 -0.31859519]
        location:  [0.12379934 0.55920723 0.05381637]
        location:  [0.53526998 0.73080851 0.50919286]
        location:  [0.6550322  0.76111062 0.61138219]
        location:  [0.94699206 0.83232759 0.61096979]
        location:  [0.95516928 0.81377555 0.54652607]
        location:  [0.77744838 0.8215424  0.47234843]
        location:  [1.57288139 1.22891792 0.84629238]
        location:  [2.35783378 1.69812829 1.21993261]
        location:  [2.40539663 1.85727968 1.3577567 ]
        location:  [2.76285991 1.92069337 1.58707699]
        location:  [2.29826215 1.75858205 1.34283314]
        location:  [2.01254566 1.40041038 1.28106796]
        location:  [1.45594114 1.40864764 1.12731465]
        location:  [1.19459186 1.32137138 1.28866107]
        location:  [1.31889922 1.25698408 1.52655058]
        location:  [1.53356875 1.31110392 1.72035235]
        location:  [1.37708552 1.31345286 1.60850106]
        location:  [0.95480992 1.26471897 1.27465504]
        location:  [0.97698044 0.94854403 1.1381893 ]
        location:  [0.90754842 1.05238893 1.00886357]
        location:  [1.13491685 1.12075372 1.19490533]
        location:  [1.10838471 1.09775725 1.17548055]
        location:  [0.92694865 0.93566759 1.10006487]
        location:  [1.13202653 1.21330334 1.14566575]
        location:  [1.0732123  1.05391113 1.12951625]
        location:  [0.87064109 1.01134803 0.78475559]
        location:  [0.85597451 1.09561539 0.93775307]
        location:  [0.68599406 0.90937238 0.9062016 ]
        location:  [0.44284835 0.92022213 0.98750318]
        location:  [0.86906342 1.06394926 1.37368452]
        location:  [0.82268854 1.18137902 1.67130443]
        location:  [1.13463538 1.20481023 1.58949464]
        location:  [1.66471059 1.32976821 1.36040238]
        location:  [1.93768303 1.40636673 1.12800539]
        location:  [1.99431944 1.3537008  0.98245829]
        location:  [2.22177609 1.36456578 0.5267413 ]
        location:  [2.02521197 1.40534044 0.24167051]
        location:  [2.15996316 1.25159462 0.26830538]
        location:  [2.12112335 1.33553536 0.64674197]
        location:  [1.99066324 1.55020024 0.96779971]
        location:  [2.14338964 1.51511244 1.1358228 ]
        location:  [2.04732744 1.56948472 1.06698698]
        location:  [2.12890693 1.60864917 0.92602361]
        location:  [1.79353498 1.50321366 0.96452141]
        location:  [1.55318329 1.35428587 1.06125503]
        location:  [1.87529389 1.46943502 1.30304843]
        location:  [1.41474101 1.39090672 1.21656305]
        location:  [1.06552952 1.10320874 0.97852595]
        location:  [1.18257196 1.18024529 1.29766276]
        location:  [1.05996577 1.30539446 1.410836  ]
        location:  [1.16548122 1.34513909 1.48626282]
        location:  [1.35940527 1.37760839 1.50627436]
        location:  [1.74375983 1.45669492 1.7442793 ]
        location:  [1.21851223 1.3521547  1.28564369]
        location:  [1.47698365 1.23823408 1.48946074]
        location:  [1.24579404 1.18755778 1.01497987]
        location:  [1.17468998 1.0448895  0.94372754]
        location:  [1.47378993 1.09177676 0.8369907 ]
        location:  [0.85909493 0.88496234 0.41370536]
        location:  [0.91766799 0.67141722 0.35773669]
        location:  [0.85195778 0.4911081  0.47018006]
        location:  [1.54013157 0.47901273 0.91948274]
        location:  [2.1764336  0.28200106 1.08629803]
        location:  [ 2.4725496  -0.01511592  0.78090869]
        location:  [ 3.44959371 -0.09568728  0.92974841]
        location:  [ 4.89028255 -0.06488518  0.93424144]
        location:  [ 6.35495302 -0.16101615  1.5142483 ]
        location:  [ 7.08980812 -0.36868678  1.12279653]
        location:  [ 9.08176523 -0.18315664  1.34668772]
        location:  [11.63002511 -0.11118596  1.71075459]
        location:  [14.48463741  0.18986402  2.18700569]
        location:  [17.73652906  0.3280079   2.30536091]
        location:  [21.2024707  0.6096472  1.9469958]
        location:  [25.53051449  0.38690038  1.94895145]
        location:  [30.06616008 -0.15066644  1.65132374]
        location:  [35.1764115  -0.58329472  1.49078019]
        location:  [40.88838289 -1.25322139  1.31414096]
        location:  [46.91229534 -1.78243658  0.981409  ]
        location:  [53.19518533 -2.46794728  1.0095946 ]
        location:  [59.69800601 -2.97571341  0.72338854]
        location:  [ 6.67509420e+01 -3.60006928e+00  5.99593887e-02]
        location:  [74.96983193 -4.25151944  0.22153869]
        location:  [82.8272576  -4.76465361  0.55962304]
        location:  [89.78924873 -5.06940707  0.48979813]
        location:  [97.34295569 -5.24234588  0.69082559]
        location:  [105.11474376  -5.83320228   0.61999646]
        location:  [113.45737609  -6.30734552   0.24247735]
        location:  [120.98350014  -6.83994376  -0.13361481]
        location:  [128.15119255  -7.03946558  -0.16741662]
        location:  [134.48927131  -7.08128387  -0.43821549]
        location:  [140.46607044  -6.91598924  -0.51587167]
        location:  [147.15400689  -6.19036292  -0.2414816 ]
        location:  [ 1.52917862e+02 -5.74266083e+00 -9.95356596e-02]
        location:  [159.89720706  -5.02272673   0.19095531]
        location:  [166.83059237  -4.20218335   0.47492427]
        location:  [173.82074632  -3.28523989   0.50493495]
        location:  [ 1.80824389e+02 -2.74225964e+00  4.34921026e-02]
        location:  [187.35827064  -2.19125673  -0.39837021]
        location:  [193.93823873  -1.88639421  -0.60312418]
        location:  [200.86268595  -1.45363407  -0.99117799]
        location:  [208.17502573  -1.05250339  -1.18943834]
        location:  [216.40609744  -0.25118811  -0.91444218]
        location:  [ 2.24439124e+02  7.50847539e-03 -6.23887784e-01]
        location:  [232.14669082   0.3976361   -1.2029362 ]
        location:  [240.2506743    0.65618896  -1.8618721 ]
        location:  [247.91893186   0.52863505  -2.27948688]
        location:  [256.6892486    0.47007388  -2.79644583]
        location:  [265.51582177   0.38570562  -3.31925022]
        location:  [ 2.74706817e+02  2.46806709e-02 -2.72830648e+00]
        location:  [ 2.83462017e+02 -2.37364978e-01 -2.75829022e+00]
        location:  [292.69993313  -0.77130743  -3.25267118]
        location:  [301.06674944  -1.19006131  -3.55548143]
        location:  [308.783652    -1.71936087  -3.33439924]
        location:  [317.44068023  -2.03937978  -3.0800168 ]
        location:  [326.40707983  -2.50345995  -3.35349495]
        location:  [335.86416006  -3.40369393  -4.23949306]
        location:  [345.04086674  -4.24380056  -5.30540075]
        location:  [354.34805599  -5.11786244  -5.90255074]
        location:  [363.70439711  -6.09642065  -5.97297961]
        location:  [372.76006636  -7.08560786  -5.66880705]
        location:  [381.60238361  -7.64446967  -5.41187898]
        location:  [389.85009266  -7.83049134  -5.8298409 ]
        location:  [399.1418814   -7.96946246  -5.88665909]
        location:  [409.36534998  -8.2903075   -6.0071785 ]
        location:  [419.14844754  -8.66214544  -5.98412285]
        location:  [428.35921356  -8.69861011  -5.52121155]
        location:  [436.95999805  -8.73661465  -4.88007084]
        location:  [444.65159903  -8.05031419  -5.10452804]
        location:  [452.24780195  -7.42639058  -6.11642058]
        location:  [460.19771551  -7.53849215  -6.30268656]
        location:  [467.65871366  -8.19104222  -6.63711481]
        location:  [474.90835804  -9.2475659   -7.77899388]
        location:  [482.24650603 -10.60832217  -8.29760924]
        location:  [488.61077554 -12.42925525  -8.67748273]
        location:  [494.21672503 -13.83730831  -8.48541546]
        location:  [498.9749181  -14.91497633  -7.9880341 ]
        location:  [503.00997938 -15.44034451  -7.7323086 ]
        location:  [508.06562159 -16.12179904  -7.42085387]
        location:  [513.120037   -16.62074766  -7.33254821]
        location:  [518.05411093 -16.91495619  -7.30671074]
        location:  [524.04518718 -16.98327786  -7.34268708]
        location:  [530.43022861 -17.45710921  -6.79597244]
        location:  [536.18597343 -18.47150642  -6.597264  ]
        location:  [540.71561279 -18.84262159  -7.03306618]
        location:  [544.73964399 -18.62242988  -6.49231895]
        location:  [548.55314471 -18.37405086  -6.03856469]
        location:  [552.29174335 -18.01162516  -6.02028143]
        location:  [555.89352362 -17.57580252  -6.06657188]
        location:  [559.22532165 -17.43426124  -5.94537893]
        location:  [562.82283863 -17.38752741  -6.64811166]
        location:  [566.24905047 -17.70404422  -7.20198389]
        location:  [569.44859726 -18.27420427  -7.39729446]
        location:  [572.30701695 -18.36664054  -7.87023041]
        location:  [574.54901272 -18.42967183  -7.93579946]
        location:  [576.58638997 -18.04613719  -7.80274209]
        location:  [577.80394864 -17.62082298  -7.63784483]
        location:  [578.05122485 -17.34771764  -6.88946288]
        location:  [575.80944618 -16.3999635   -6.04123395]
        location:  [571.19923503 -15.64927288  -5.55812008]
        location:  [565.10436967 -15.21282424  -5.16338806]
        location:  [557.17696236 -14.7019072   -4.6213573 ]
        location:  [547.75600557 -14.21356055  -4.10189174]
        location:  [537.45191388 -13.46455585  -3.89512622]
        location:  [526.3303087  -12.13451334  -3.20578558]
        location:  [514.29217821 -10.71612222  -1.83257909]
        location:  [ 5.01965777e+02 -9.50996588e+00 -9.26887386e-02]
        location:  [488.39650386  -8.80121413   1.6310638 ]
        location:  [473.50760454  -7.76252408   2.67074814]
        location:  [457.3097103   -7.33593847   4.16693161]
        location:  [440.85661084  -8.0468465    6.03064037]
        location:  [424.38583258  -8.57938725   6.81758936]
        location:  [407.43476452  -9.39143931   7.78102669]
        location:  [390.70061199 -10.47564484   8.37038639]
        location:  [373.29544076 -10.84988878   8.12998184]
        location:  [355.56379009 -10.93567038   8.77632545]
        location:  [337.92144586 -10.92028103   9.96209637]
        location:  [320.23949929 -10.58088993  10.19892354]
        location:  [302.66640466 -10.17838826  10.44068316]
        location:  [285.67004756 -10.10893363  11.03624876]
        location:  [268.41980143 -10.17507888  11.95316278]
        location:  [250.9549445  -10.73184895  12.57215484]
        location:  [233.29994481 -11.3443478   13.48039625]
        location:  [215.92433674 -12.23688842  14.14130462]
        location:  [199.52770599 -13.51992652  14.92968087]
        location:  [183.3529897  -14.51030097  15.05657842]
        location:  [167.05423609 -15.17090309  15.40856078]
        location:  [151.40772476 -15.83528091  15.89460147]
        location:  [136.31433046 -16.02199754  15.09581276]
        location:  [122.53601425 -15.8226889   14.42972286]
        location:  [109.76420612 -15.81082583  14.02438372]
        location:  [ 96.89451594 -16.07829995  12.42603468]
        location:  [ 84.75698783 -17.4721248   10.75842226]
        location:  [ 73.48986053 -18.97131703   9.36678932]
        location:  [ 62.66751663 -19.75654052   8.33325584]
        location:  [ 53.10146848 -20.62025269   7.69547043]
        location:  [ 44.45930088 -20.88891921   7.76906324]
        location:  [ 35.87310332 -20.85416501   7.61042633]
        location:  [ 27.87298386 -20.91666467   8.04209985]
        location:  [ 19.99620335 -21.10612317   8.03022877]
        location:  [ 12.1287556  -20.71991034   7.73968404]
        location:  [  4.13809416 -20.22044505   7.57423562]
        location:  [ -4.10801459 -19.32090807   7.48192122]
        location:  [-12.59583621 -18.77686629   7.40519551]
        location:  [-22.65200985 -18.78203845   6.82731778]
        location:  [-32.34611355 -18.65152615   7.04577624]
        location:  [-43.02186611 -18.58036213   7.67991066]
        location:  [-54.16123429 -18.68864162   8.81334007]
        location:  [-67.00877446 -18.87794317   9.5171676 ]
        location:  [-79.27517468 -19.1044666   10.74149732]
        location:  [-91.99892504 -18.9248745   11.37325796]
        location:  [-105.64649024  -18.15075761   12.41847393]
        location:  [-119.66637461  -16.96216814   13.73979671]
        location:  [-133.52135413  -16.06811145   15.36911226]
        location:  [-147.66165962  -15.84154755   17.20729755]
        location:  [-160.50532548  -16.3588524    20.51462968]
        location:  [-171.73324164  -15.3611853    24.886758  ]
        location:  [-183.55345021  -13.46192442   29.21661791]
        location:  [-197.46314222  -11.05545043   32.02723016]
        location:  [-215.66826418   -8.57800178   34.50728028]
        location:  [-233.47711245   -6.31419486   36.49179418]
        location:  [-249.13172631   -4.86114895   37.42598711]
        location:  [-264.59540862   -3.17346738   36.58561621]
        location:  [-280.89640946   -2.25452031   35.44511784]
        location:  [-296.20088642   -1.32957031   33.8665123 ]
        location:  [-3.10467253e+02  2.43000000e-01  3.16265051e+01]
        location:  [-325.29700737    2.00338392   30.3664828 ]
        location:  [-340.3282277     3.41231554   29.2058278 ]
        location:  [-355.77066271    5.07115305   27.13219451]
        location:  [-370.45582663    6.1781808    25.57781821]
        location:  [-384.49207253    7.30547927   23.55991737]
        location:  [-411.3555763     8.78596554   20.10781634]
        location:  [-458.61667221   13.31222277   20.12351122]
        location:  [-470.96472002   13.94046988   19.73394274]
        location:  [-489.84088192   18.34216802   22.20286083]
        location:  [-478.53257339   19.61630408   22.10689633]
        location:  [-467.94251974   20.56872177   21.72471616]
        location:  [-445.78770759   20.77760867   21.90715021]
        location:  [-395.62270667   19.80844919   19.74052486]
        location:  [-381.93660724   19.05575231   19.07941155]
        location:  [-368.27906408   18.17273812   18.53803805]
        location:  [-354.55194944   16.50394681   18.52554786]
        location:  [-339.43797052   15.06560745   18.10846963]
        location:  [-323.42351791   13.92758437   17.98460448]
        location:  [-306.97748509   12.4186292    18.11439692]
        location:  [-290.10279268   10.49341504   17.69463417]
        location:  [-272.96476147    8.94659162   17.18742398]
        location:  [-256.41412059    7.94198485   16.86501314]
        location:  [-238.87045519    6.67756744   17.1967959 ]
        location:  [-222.00917991    5.75960795   17.43812477]
        location:  [-205.94493392    5.07592811   17.22335546]
        location:  [-189.82472963    4.01540277   16.89071368]
        location:  [-173.4150162     3.37273663   16.48604225]
        location:  [-157.68033164    2.59540878   15.25550495]
        location:  [-128.96888254    0.63115917   12.49812222]
        location:  [-115.88466346   -0.44635444   12.2690639 ]
        location:  [-104.00450819   -0.88109179   12.34167459]
        location:  [-92.95302693  -1.2637334   12.49599433]
        location:  [-82.48032374  -1.87709473  12.24683658]
        location:  [-72.59590942  -2.43308389  11.99059188]
        location:  [-63.19502391  -2.65574864  12.11358026]
        location:  [-53.20983751  -2.65747613  12.26358885]
        location:  [-44.27504492  -2.95524601  11.86170686]
        location:  [-35.58042587  -3.09539759  11.4191183 ]
        location:  [-26.99183529  -2.61254947  11.12155585]
        location:  [-19.36592216  -2.09125585  10.92056536]
        location:  [-12.94574855  -1.67044008   9.88485585]
        location:  [-6.84631184 -0.72901245  9.53278269]
        location:  [-2.22342235 -0.55150533  9.78153558]
        location:  [1.60301653 0.28166713 9.40785245]
        location:  [2.9096525  0.94309271 8.96627123]
        location:  [4.40229908 1.66561054 8.92866643]
        location:  [4.71832331 2.10868924 8.20288497]
        location:  [5.69881238 2.69465881 8.22812205]
        location:  [6.20347851 3.0868473  9.01102025]
        location:  [ 6.7883794   2.68273041 10.48287733]
        location:  [ 5.10022382  0.63588614 10.65638673]
        location:  [ 1.58594192 -3.53566822 10.50353342]
        location:  [ -2.21870865 -10.72534153  12.25434686]
        location:  [ -4.44530417 -20.59206768  15.95334507]
        location:  [ -4.84063378 -31.98235577  19.56433474]
        location:  [ -3.71363222 -42.87394409  22.33177024]
        location:  [ -3.16535946 -53.81975616  24.48271477]
        location:  [ -3.79985426 -64.69856466  26.05709368]
        location:  [ -4.95273484 -76.94852457  27.30006031]
        location:  [ -6.27141296 -90.47184527  28.28456284]
        location:  [  -6.81440008 -104.42237111   27.85774492]
        location:  [  -6.01670237 -118.42867145   26.31971767]
        location:  [  -4.0259603  -133.44021572   24.25228044]
        location:  [  -1.76973408 -149.40979883   21.57267261]
        location:  [   0.52013173 -166.3696102    19.70671342]
        location:  [   2.54690286 -183.68043528   18.34528155]
        location:  [   4.02510458 -201.43529125   17.50277393]
        location:  [   5.03085283 -220.00481606   17.29432435]
        location:  [   6.4795074  -238.64112366   18.32662981]
        location:  [   7.0533972  -257.63298408   18.41109992]
        location:  [   8.50767999 -276.62209265   18.2283529 ]
        location:  [  10.69870219 -295.83000561   18.90693303]
        location:  [  11.16232372 -313.59284212   18.79824941]
        location:  [  11.16082895 -330.72054042   17.94602478]
        location:  [  12.53645376 -346.27764438   17.49257963]
        location:  [  13.67407867 -360.75367742   17.47208351]
        location:  [  14.45060372 -373.95491623   18.14787197]
        location:  [  14.80886767 -385.64475975   19.49391595]
        location:  [  13.862553   -396.14556317   20.91202368]
        location:  [  12.12628928 -405.37594497   21.84658626]
        location:  [  11.13595689 -413.65650998   22.98291577]
        location:  [   9.58314944 -420.67666816   23.63353534]
        location:  [   7.80094866 -427.60537473   23.79871355]
        location:  [   6.42087179 -434.04973755   23.9894185 ]
        location:  [   4.36782778 -440.157078     24.16188313]
        location:  [   1.87601256 -447.08623801   23.62368362]
        location:  [-4.17452166e-01 -4.54353576e+02  2.30722955e+01]
        location:  [  -2.33492718 -461.89104607   22.60856245]
        location:  [  -4.61747574 -469.63212714   22.02709892]
        location:  [  -6.83280331 -486.17321759   20.49412044]
        location:  [  -7.29341294 -493.80005388   20.22118308]
        location:  [  -6.69073343 -501.90568301   20.30544526]
        location:  [  -6.22303822 -509.87543991   20.31513515]
        location:  [  -5.62920258 -517.54922575   20.27168863]
        location:  [  -5.40118295 -524.48959238   20.36895316]
        location:  [  -5.80820687 -530.74641787   20.05557469]
        location:  [  -5.54085114 -536.06484584   20.31304155]
        location:  [  -5.75616557 -541.34522125   20.27843186]
        location:  [  -6.40588583 -546.38138989   20.55119103]
        location:  [  -7.58608761 -551.77870248   21.26346177]
        location:  [  -9.19533423 -557.7148278    21.8853466 ]
        location:  [ -10.52376103 -564.11820519   22.507845  ]
        location:  [ -12.54269037 -570.38264079   22.71281101]
        location:  [ -14.24721999 -576.79563016   22.74427154]
        location:  [ -14.47763367 -583.39241557   23.27953918]
        location:  [ -14.66348038 -590.4530472    23.48649072]
        location:  [ -14.00553936 -596.64578903   23.86448754]
        location:  [ -13.64742893 -602.72482179   23.88252998]
        location:  [ -11.82020606 -607.90382601   24.42846276]
        location:  [ -10.24244895 -612.73173809   24.87697375]
        location:  [  -8.12141586 -617.17767604   25.8175398 ]
        location:  [  -7.16481925 -621.5279277    25.67681298]
        location:  [  -5.74371061 -626.18733774   25.9962562 ]
        location:  [  -5.09778386 -630.54233167   25.95821457]
        location:  [  -3.97236991 -633.52513852   26.24744045]
        location:  [  -2.23300133 -634.34212726   26.81382018]
        location:  [  -0.77890223 -633.7838178    27.24928829]
        location:  [-8.08433463e-02 -6.32191660e+02  2.73866588e+01]
        location:  [ 3.50021962e-01 -6.29993438e+02  2.79016912e+01]
        location:  [   0.79036849 -627.12979997   27.93252013]
        location:  [ 2.72552585e-01 -6.24136063e+02  2.74147526e+01]
        location:  [-9.70096655e-02 -6.19927857e+02  2.75971659e+01]
        location:  [-5.30661794e-01 -6.15421861e+02  2.77178557e+01]
        location:  [-3.36712233e-01 -6.10485311e+02  2.91350320e+01]
        location:  [-3.19894764e-01 -6.04580166e+02  2.97440201e+01]
        location:  [  -1.32563703 -598.7857407    29.25369962]
        location:  [  -1.27690136 -592.11295685   29.4731542 ]
        location:  [  -1.42455346 -584.71295061   29.88654291]
        location:  [  -2.853061   -577.10336684   29.94069352]
        location:  [  -4.09539853 -569.19553912   29.17550691]
        location:  [  -3.572831   -560.61073322   28.70266703]
        location:  [  -3.48260996 -551.52606298   27.83860219]
        location:  [  -3.94372426 -542.57704937   26.51851663]
        location:  [  -4.79774336 -532.92611438   25.09658768]
        location:  [  -4.80227842 -522.34940595   24.89633434]
        location:  [  -5.5906519  -511.38819387   25.07054783]
        location:  [  -7.31466725 -500.24175926   25.25468558]
        location:  [  -8.76808611 -488.35795068   25.38755239]
        location:  [ -10.83183581 -464.14997675   24.58731352]
        location:  [ -11.55497855 -452.01493134   24.47188104]
        location:  [ -11.53339072 -439.61866655   23.98038704]
        location:  [ -11.62307388 -426.80033817   23.81561989]
        location:  [ -12.23919769 -413.78320721   23.98811918]
        location:  [ -12.64944137 -400.84157917   23.96435458]
        location:  [ -12.26216254 -387.31236919   23.75946943]
        location:  [ -11.96777176 -374.15441234   23.56976728]
        location:  [ -12.03171705 -360.61774063   23.25161497]
        location:  [ -12.07836107 -346.82112677   22.3684787 ]
        location:  [ -12.3906051  -332.91575106   21.73858109]
        location:  [ -13.04053047 -318.77269975   21.82358521]
        location:  [ -13.23564745 -304.2912637    21.4347114 ]
        location:  [ -13.3506106  -289.87583568   21.78008629]
        location:  [ -13.85413405 -275.10325172   21.75253543]
        location:  [ -14.56089423 -260.32362626   21.89477081]
        location:  [ -14.7493135  -245.76702256   22.40803923]
        location:  [ -14.64055567 -230.38983838   22.93919774]
        location:  [ -14.23195306 -215.71388608   23.81271458]
        location:  [ -13.7101202  -200.53632512   24.0181034 ]
        location:  [ -13.48588235 -185.58378633   24.69101545]
        location:  [ -13.38602844 -170.68893572   25.35471611]
        location:  [ -12.96939277 -155.91889335   25.55250476]
        location:  [ -10.95697978 -141.52504922   25.52481572]
        location:  [  -9.69274604 -127.63602825   25.00242076]
        location:  [  -8.40581093 -113.95767923   24.57752067]
        location:  [  -7.47785349 -101.04902731   23.3176586 ]
        location:  [ -6.46266821 -88.59787647  21.68635292]
        location:  [ -5.57288546 -76.5659371   19.95435604]
        location:  [ -5.82747659 -65.28571754  17.47148907]
        location:  [ -5.76378272 -54.54168492  15.52928593]
        location:  [ -5.16838342 -44.29346657  14.54176226]
        location:  [ -4.98673844 -34.79593977  13.59151838]
        location:  [ -4.73963641 -25.9096632   12.28897462]
        location:  [ -4.02249327 -17.19268724  11.27037362]
        location:  [-3.35569053 -8.83489435 10.34080462]
        location:  [-2.57241187 -0.10784253  9.87198014]
        location:  [-1.73693097  8.73888035  9.16307631]
        location:  [-0.78413914 17.92337868  8.60022705]
        location:  [-1.47186135 26.3714623   7.80939139]
        location:  [-2.45805589 34.32237681  8.59575867]
        location:  [-3.24152088 41.44306573  9.0382832 ]
        location:  [-3.97289822 48.58137903  8.34914759]
        location:  [-3.5607062  56.40917006  8.29368587]
        location:  [-3.34185419 63.46371704  8.83957037]
        location:  [-2.3331558  77.83581188 10.80770693]
        location:  [-1.82476394 85.41205571 11.64644158]
        location:  [-2.84449891 93.39571001 12.28371299]
        location:  [ -4.18551431 101.52004379  12.68876808]
        location:  [ -5.16424948 110.00051001  13.54148208]
        location:  [ -5.83583176 118.87961572  14.20936651]
        location:  [ -6.68242091 128.59421789  14.37997952]
        location:  [ -7.45249441 138.35383056  14.49507362]
        location:  [ -7.91460117 159.20613683  14.63659244]
        location:  [ -7.9156144  169.85565241  14.29013768]
        location:  [ -7.21804472 181.10094697  14.55308647]
        location:  [ -7.5365423  192.61730499  13.8621688 ]
        location:  [ -8.13266954 203.58704775  13.2358797 ]
        location:  [ -8.09137894 214.59311552  13.62200987]
        location:  [ -7.69981097 226.16023074  14.84489561]
        location:  [ -7.82736306 250.23492452  10.98569264]
        location:  [ -7.02747778 262.55620899   9.39068319]
        location:  [ -6.39648505 274.80870616   8.47892182]
        location:  [ -5.81407837 287.67781849   8.75059785]
        location:  [ -4.78037661 300.99935108  10.51761568]
        location:  [ -3.71979758 445.19459443  12.06817987]
        location:  [ -1.55012343 473.7557116   12.7238285 ]
        location:  [-4.44962521e-01  5.45221158e+02  1.68839652e+01]
        location:  [  1.20917351 563.94817162  16.78392498]
        location:  [  1.9410625  569.67413534  15.38030879]
        location:  [299.79459191 599.6551592   19.36104588]
        location:  [320.66769099 599.91482092  20.23960136]
        location:  [340.89387671 600.8582655   20.94915109]
        location:  [351.17126953 600.31177503  21.96525897]
        location:  [361.06486084 599.97785875  21.54717693]
        location:  [371.12541981 600.16568007  21.09864441]
        location:  [391.43919921 600.80022571  21.07139281]
        location:  [402.51993871 600.96153947  21.05262973]
        location:  [413.61691094 601.29543897  21.07503699]
        location:  [424.51454754 602.18412531  21.28927459]
        location:  [434.76064533 602.93347507  21.40732688]
        location:  [444.39704181 602.76294801  22.07447055]
        location:  [452.99228257 602.03534977  23.43566241]
        location:  [460.87177942 600.78531606  24.71857435]
        location:  [468.07464988 600.11835908  24.25530832]
        location:  [475.35575183 599.43839049  23.4752367 ]
        location:  [483.2071982  598.49122379  23.1596761 ]
        location:  [490.54318217 597.09653336  22.15312976]
        location:  [497.81314128 596.05231905  20.48494674]
        location:  [505.3546647  595.40035296  18.36729706]
        location:  [512.81261483 594.77784469  17.41984733]
        location:  [519.16597817 594.81792924  16.66333874]
        location:  [526.04074338 593.98238445  14.83543036]
        location:  [533.39620019 592.70504465  13.24466455]
        location:  [540.01206597 591.83946503  12.74008779]
        location:  [545.98494343 590.31895668  12.44970824]
        location:  [551.9728591  588.16167166  11.83548239]
        location:  [556.95374967 586.53427419  10.60020061]
        location:  [561.52768887 584.80352629  10.11829236]
        location:  [564.53113606 583.13343387  10.93995225]
        location:  [565.43590667 581.21421535  12.20831353]
        location:  [566.13559717 579.50107156  12.67144749]
        location:  [565.74850177 577.11868338  13.61426277]
        location:  [564.32016809 574.04861986  13.75425782]
        location:  [563.54139955 570.68841216  12.45473587]
        location:  [564.26542659 566.46344338  11.74030743]
        location:  [565.59802841 561.360252    11.63672796]
        location:  [566.52852209 555.9215195   12.40480065]
        location:  [566.22029825 550.39084987  12.79902477]
        location:  [566.04550909 544.79113289  11.97397145]
        location:  [566.95928655 537.58894844  10.70634777]
        location:  [567.47067748 529.3974944    9.44538108]
        location:  [567.68220903 521.09499657   7.99376704]
        location:  [567.71538523 512.12027322   6.67297705]
        location:  [567.67552458 502.10456437   6.13185926]
        location:  [566.83332146 492.31947302   5.88008727]
        location:  [566.51012087 482.03277921   5.19521182]
        location:  [566.55550716 470.83975984   4.45023385]
        location:  [565.91482294 459.15772273   3.15140097]
        location:  [564.80821361 447.22195637   1.76333788]
        location:  [5.62992312e+02 4.35307642e+02 4.74094071e-01]
        location:  [ 5.61922342e+02  4.22547283e+02 -3.12202402e-01]
        location:  [ 5.60537174e+02  4.09876248e+02 -3.08077394e-01]
        location:  [558.55048329 396.98967067  -0.76240826]
        location:  [557.521965   383.52616263  -1.70313165]
        location:  [556.0778643  370.13937816  -2.43912776]
        location:  [554.59912123 356.8042173   -3.14935703]
        location:  [553.62548    343.39688919  -3.50036462]
        location:  [552.48310988 330.12112121  -3.12978794]
        location:  [550.5743672  317.19618814  -4.17495581]
        location:  [549.3762733  304.19501538  -5.21812086]
        location:  [548.33433532 291.60792342  -6.27549156]
        location:  [547.96530094 279.12810413  -7.05569579]
        location:  [547.43639791 266.77766765  -7.86353805]
        location:  [546.73888126 254.51240813  -7.7060384 ]
        location:  [545.693794   242.2628403   -7.37913306]
        location:  [545.01312856 230.47463596  -7.55666076]
        location:  [543.18343204 218.85012141  -7.30122188]
        location:  [540.45284399 207.23851149  -6.93380796]
        location:  [537.17803911 195.38003046  -5.83836002]
        location:  [533.5666072  182.5576506   -5.03668828]
        location:  [530.62276301 169.43053093  -4.87359302]
        location:  [528.56924772 155.74361196  -5.29026415]
        location:  [527.95039981 142.25778215  -5.13515069]
        location:  [527.8679222  128.5210392   -5.04604016]
        location:  [528.705448   114.33083537  -4.41431237]
        location:  [529.53412655 100.76082422  -3.81964716]
        location:  [530.66851215  87.69175662  -3.64401375]
        location:  [531.97149019  74.90758656  -3.81158617]
        location:  [532.72035574  63.53882158  -4.19898616]
        location:  [532.52921765  53.84149988  -5.91754028]
        location:  [531.75082817  44.85929568  -8.3381299 ]
        location:  [531.07674372  36.70956077  -9.87325836]
        location:  [529.8111827   28.76105102  -9.20671452]
        location:  [528.68807856  20.68967109  -8.37611323]
        location:  [528.56958481  12.36220975  -6.39830346]
        location:  [528.09014708   4.58575683  -5.30777226]
        location:  [527.68036945  -1.95993989  -4.88731278]
        location:  [527.35889809  -7.88878436  -3.23369966]
        location:  [526.95875563 -14.2638499   -0.63772432]
        location:  [526.25004378 -20.83216898   2.16813343]
        location:  [525.18471941 -26.82795279   4.67368891]
        location:  [524.19099924 -32.61579842   6.99714638]
        location:  [523.68367216 -38.37519237   8.25612248]
        location:  [523.64661433 -44.10321985   9.43027713]
        location:  [524.01029424 -51.01681225  11.43527968]
        location:  [525.16509547 -57.83665807  13.12098195]
        location:  [526.52665739 -63.96931766  14.2903674 ]
        location:  [527.69451408 -69.87368646  14.53179164]
        location:  [528.72830743 -75.98223697  14.1414047 ]
        location:  [529.58173726 -82.67928744  13.03712173]
        location:  [529.83292392 -90.1153495   11.91748299]
        location:  [529.27802927 -98.60047578  10.18912384]
        location:  [ 528.01187038 -107.66044326    7.86007327]
        location:  [ 527.01502628 -118.89887204    6.84431957]
        location:  [ 525.90187971 -132.4312317     6.88491644]
        location:  [ 524.13764316 -146.68146503    6.34270232]
        location:  [ 522.04243005 -161.20560126    5.15196856]
        location:  [ 520.26848983 -176.29024243    3.64794367]
        location:  [ 519.24446601 -191.07139621    1.41549893]
        location:  [ 5.18333178e+02 -2.05977791e+02 -2.40242064e-01]
        location:  [ 517.3178444  -222.33790807    0.59370013]
        location:  [ 516.81407208 -239.25621521    2.9545329 ]
        location:  [ 516.52890043 -255.13156266    2.9173296 ]
        location:  [ 516.12008718 -270.73622331    1.74511389]
        location:  [ 515.88436186 -288.24273944    2.78232809]
        location:  [ 516.46542713 -305.2470596     4.31172799]
        location:  [ 517.46101037 -321.45312409    4.69703174]
        location:  [ 518.44220711 -337.69299072    5.5105445 ]
        location:  [ 518.84314142 -353.68883272    6.82556827]
        location:  [ 519.3696024  -370.29983479    8.07048846]
        location:  [ 519.70014969 -386.95144187    8.32702256]
        location:  [ 519.65866796 -403.30035741    8.2721258 ]
        location:  [ 519.35703364 -419.82395633    8.21139605]
        location:  [ 519.00482512 -436.6203962     8.13262249]
        location:  [ 518.9686565  -452.8216631     7.96410207]
        location:  [ 518.11761929 -467.89515254    7.63914808]
        location:  [ 516.29647575 -482.95407851    6.70914208]
        location:  [ 515.21690662 -497.81863135    6.33410233]
        location:  [ 514.55114812 -511.75323054    5.65212181]
        location:  [ 514.35191248 -524.83240787    6.20040539]
        location:  [ 515.20897499 -537.16845196    7.01336747]
        location:  [ 516.55037206 -548.65222147    8.5506733 ]
        location:  [ 518.77008134 -558.5349854     9.61847867]
        location:  [ 521.6235087  -567.99962659   10.33352785]
        location:  [ 525.51461597 -576.70405946   11.40641973]
        location:  [ 529.38632943 -584.4917886    12.32990766]
        location:  [ 533.28558916 -591.945209     14.53570405]
        location:  [ 537.53395502 -598.07044595   16.90744468]
        location:  [ 541.42124253 -603.37684084   18.76364637]
        location:  [ 545.00486214 -607.90328333   19.72503785]
        location:  [ 548.19657605 -611.55918206   20.57251022]
        location:  [ 550.58373136 -613.85368981   21.05942427]
        location:  [ 551.77804767 -614.44542832   21.19026098]
        location:  [ 551.56410102 -613.84994061   21.39769301]
        location:  [ 550.34206703 -612.71286566   21.16612889]
        location:  [ 548.92390331 -611.88782448   22.16170566]
        location:  [ 546.71946902 -611.46487044   23.35355313]
        location:  [ 544.16264462 -611.04101512   23.9607462 ]
        location:  [ 541.31593173 -611.10685666   23.26565536]
        location:  [ 538.0462346  -611.33429792   22.66139453]
        location:  [ 534.07315556 -611.81062316   22.18733757]
        location:  [ 530.32728701 -612.38657063   21.95473085]
        location:  [ 527.34607714 -612.87867681   22.23797485]
        location:  [ 524.16320885 -611.93304617   22.97288907]
        location:  [ 519.72907442 -609.36522099   25.93267354]
        location:  [ 513.18870756 -606.86075891   27.76830728]
        location:  [ 506.68402209 -604.62306677   28.64513543]
        location:  [ 499.71724307 -602.027174     30.26815649]
        location:  [ 491.20304053 -599.34940022   31.29269127]
        location:  [ 482.73289294 -597.21111033   31.95300238]
        location:  [ 474.58175976 -595.45106706   30.89501755]
        location:  [ 466.64668088 -593.69456398   29.03743951]
        location:  [ 458.7136818  -591.45424618   27.90056493]
        location:  [ 450.08228672 -587.92220589   27.30682354]
        location:  [ 440.39172654 -584.50767719   27.8286851 ]
        location:  [ 430.47019613 -582.07243805   29.06949149]
        location:  [ 421.78140219 -579.7791348    29.82608814]
        location:  [ 413.39225813 -577.37709207   28.82656725]
        location:  [ 405.15831181 -575.3501531    29.65257991]
        location:  [ 396.56009979 -573.76310534   31.84025703]
        location:  [ 387.31431687 -572.1396045    34.07092171]
        location:  [ 377.22458984 -569.96920741   36.04250255]
        location:  [ 366.67548679 -567.425731     37.39001907]
        location:  [ 355.64734089 -565.96241661   38.30190238]
        location:  [ 345.29632195 -564.52755873   40.46317778]
        location:  [ 334.5075532  -562.90052429   43.8132395 ]
        location:  [ 323.41521561 -560.88349615   47.0935442 ]
        location:  [ 311.87025964 -559.23142848   48.43327459]
        location:  [ 300.01929474 -557.37895845   50.15168246]
        location:  [ 287.46309362 -554.96974572   49.86408104]
        location:  [ 275.68880907 -553.32739127   47.48995185]
        location:  [ 266.05306922 -551.68414878   45.37229192]
        location:  [ 254.84091936 -549.57382483   45.23253561]
        location:  [ 242.06541692 -546.78318346   46.62385345]
        location:  [ 227.63650757 -544.20192174   46.45691802]
        location:  [ 214.33850801 -542.31608821   42.6843093 ]
        location:  [ 203.39761557 -540.76285777   38.11349161]
        location:  [ 193.81153108 -539.52851289   35.16711822]
        location:  [ 184.12743499 -538.36447287   34.57044838]
        location:  [ 173.97961853 -537.0037279    34.70031739]
        location:  [ 163.88250248 -535.1714232    33.82601869]
        location:  [ 153.2515788 -533.4485749   31.9538242]
        location:  [ 142.28452034 -532.36317103   30.74046008]
        location:  [ 132.02755665 -532.52438383   29.87730768]
        location:  [ 122.32008694 -533.16178312   28.92545529]
        location:  [ 112.38956433 -534.41561843   28.24746511]
        location:  [ 101.60366393 -535.1970774    26.90655358]
        location:  [  90.77372886 -536.01713149   27.97203183]
        location:  [  80.63623214 -537.56575158   30.4986895 ]
        location:  [  70.38703472 -538.56297664   32.2558421 ]
        location:  [  59.26991241 -538.73445263   33.00051227]
        location:  [  47.99413475 -538.91822453   33.77173048]
        location:  [  16.15907234 -538.57718639   37.35318848]
        location:  [  -5.89004692 -535.84573961   39.8380696 ]
        location:  [-110.44866268 -528.59065514   42.30759622]
        location:  [-203.30431738 -515.00977826   36.08061259]
        location:  [-214.7120778  -513.46428949   35.43694531]
        location:  [-294.59877788 -503.05116288   38.40811918]
        location:  [-342.98284576 -496.05617208   38.576245  ]
        location:  [-355.21337776 -494.20632162   38.5084962 ]
        location:  [-421.65908875 -492.03856981   33.51629903]
        location:  [-450.32491252 -491.20079285   31.24262816]
        location:  [-32.34119414 561.35688393  26.68890183]
        location:  [-29.61909388 542.59447115  28.34965106]
        location:  [-28.00538777 531.42134925  28.1225494 ]
        location:  [-15.54723818 476.30183437  26.67093896]
        location:  [ -9.38439939 446.07171626  26.40136562]
        location:  [ -4.93200612 316.44301989  16.8544322 ]
        location:  [ -8.36731137 291.27487639  15.87930598]
        location:  [-10.8309984  278.98941817  15.71155849]
        location:  [-12.519127   267.24888728  16.60060704]
        location:  [-15.51346216 255.81757703  16.93107712]
        location:  [-18.41292419 244.27631915  16.75656286]
        location:  [-19.9933116  233.23642769  16.78540985]
        location:  [-21.61518502 221.66759226  17.06542206]
        location:  [-22.87885346 209.95843877  17.34718525]
        location:  [-23.54721353 198.18113933  17.90773552]
        location:  [-24.6513543  186.20217635  18.20088096]
        location:  [-25.30296211 173.95215168  18.44128206]
        location:  [-26.3508043  162.26968844  18.14183725]
        location:  [-26.99440421 140.45441629  18.64623577]
        location:  [-26.9722152  129.62092615  18.7148816 ]
        location:  [-27.72582125 118.78947357  18.65178884]
        location:  [-28.45105046 107.69499297  18.71482548]
        location:  [-29.03341104  97.25925826  18.3772625 ]
        location:  [-32.32759038  61.41146028  13.53803537]
        location:  [-32.73366386  53.48291101  12.20751576]
        location:  [-34.27597787  37.46707472  10.24715084]
        location:  [-34.82042121  30.71677283   8.95016851]
        location:  [-36.09277523  23.8204338    7.35633022]
        location:  [-36.70304408  17.77094727   6.28278044]
        location:  [-36.86649302  12.29293306   6.06519457]
        location:  [-37.5958378    7.62261788   5.34395105]
        location:  [-37.49440593   3.50717232   4.70935507]
        location:  [-36.07043795  -5.76097246   5.30052453]
        location:  [-36.91728947  -8.04345917   4.61582619]
        location:  [-36.40165255 -10.23325099   4.16417563]
        location:  [-35.26236247 -12.43298674   4.11594791]
        location:  [-33.57711486 -14.64145408   3.99890802]
        location:  [-31.15731808 -17.03459126   3.92629623]
        location:  [-29.39901589 -19.34058145   3.78584378]
        location:  [-27.87818422 -21.26381021   3.54515985]
        location:  [-24.31166318 -22.78361515   3.6524424 ]
        location:  [-22.69591598 -22.60068441   3.371612  ]
        location:  [-21.65197849 -22.26418761   3.10264735]
        location:  [-22.25750786 -22.71801989   1.99203316]
        location:  [-23.1092487  -23.20297566   1.20077576]
        location:  [-23.13724293 -23.30370157   1.15159969]
        location:  [-22.8844752  -22.93769399   1.55955174]
        location:  [-22.61979209 -22.61334509   1.4258846 ]
        location:  [-22.52180623 -22.86103807   1.5432012 ]
        location:  [-23.18771416 -23.21504975   1.23437207]
        location:  [-23.55949303 -23.61861749   0.94794094]
        location:  [-23.9086301  -23.58583644   0.62233225]
        location:  [-23.68023283 -23.53576453   0.62715163]
        location:  [-24.02847423 -23.70920667   0.48711286]
        location:  [-24.49234227 -23.87130628   0.44401067]
        location:  [-24.43641646 -23.97248606   0.63729153]
        location:  [-24.11498184 -23.53633035   0.84670591]
        location:  [-23.66008075 -23.55506624   1.07580665]
        location:  [-23.56021595 -23.34039999   1.10059664]
        location:  [-23.2152272  -23.31687303   1.2170317 ]
        location:  [-22.824655   -23.11486484   1.40766236]
        location:  [-22.4909191  -22.71665919   1.50459613]
        location:  [-22.03523863 -22.56083621   1.74645555]
        location:  [-22.00196081 -22.65320582   1.75818357]
        location:  [-22.43027399 -22.79988704   1.32913088]
        location:  [-23.04482662 -23.10579913   1.08261032]
        location:  [-22.71131038 -23.00726386   1.3470136 ]
        location:  [-22.27222175 -22.67382756   1.71695748]
        location:  [-22.08033748 -22.4863135    1.83505419]
        location:  [-21.59367058 -22.388487     1.89024964]
        location:  [-22.26797392 -22.54915903   1.75065405]
        location:  [-22.54526337 -22.81015954   1.67574794]
        location:  [-22.32466726 -22.60789338   1.68179241]
        location:  [-22.25491617 -22.61181813   1.84508899]
        location:  [-22.34935131 -22.50226348   1.77462787]
        location:  [-22.33108756 -22.78486832   1.93381239]
        location:  [-22.42051322 -22.70833622   1.85662668]
        location:  [-22.58014725 -22.70026719   1.85089925]
        location:  [-23.00836346 -23.06713917   1.56441826]
        location:  [-23.52401195 -23.26587918   1.20955152]
        location:  [-23.08894408 -23.15041625   1.3314308 ]
        location:  [-22.67360109 -22.84398004   1.33863155]
        location:  [-22.18457996 -22.8513782    1.47293007]
        location:  [-22.14399702 -22.6659109    1.50028801]
        location:  [-22.20431615 -22.65322716   1.48376093]
        location:  [-22.09480902 -22.71097152   1.62676127]
        location:  [-22.36816951 -22.78069184   1.40178027]
        location:  [-22.26375098 -22.64989768   1.40525974]
        location:  [-22.13225608 -22.51857652   1.45025489]
        location:  [-21.72457642 -22.26482407   1.82077342]
        location:  [-21.73680017 -22.25757204   1.88009226]
        location:  [-22.34955936 -22.59022871   1.58134657]
        location:  [-22.40181988 -22.70580312   1.63894813]
        location:  [-22.12447521 -22.52567886   1.64632245]
        location:  [-21.52204382 -22.38111357   2.07741563]
        location:  [-21.46136712 -22.35289117   2.03442716]
        location:  [-21.50355374 -22.30553454   1.9159921 ]
        location:  [-21.61319892 -22.4721203    1.86253296]
        location:  [-21.73570129 -22.4943629    1.876597  ]
        location:  [-22.05633332 -22.43596002   1.67842426]
        location:  [-22.2472236  -22.67369023   1.52686502]
        location:  [-22.39413569 -22.92293935   1.42539391]
        location:  [-22.56488261 -22.74595452   1.20906292]
        location:  [-22.06026573 -21.59252986   1.39431776]
        location:  [-23.02131907 -20.13537608   1.10185924]
        location:  [-22.21714392 -18.52048779   1.49201777]
        location:  [-21.0061478  -16.55047963   1.5064616 ]
        location:  [-19.04285588 -13.97396717   2.31096578]
        location:  [-17.81939574 -10.24968605   2.19348584]
        location:  [-15.86692996  -6.6612198    1.63481776]
        location:  [-10.38363792   1.55619533   2.29924391]
        location:  [-9.14648091  5.05141209  1.77381297]
        location:  [-7.86743193  8.13096257  1.75443981]
        location:  [-7.35893503  9.86507425  1.64060561]
        location:  [-7.6019303  10.88750008  1.48026633]
        location:  [-7.49039316 11.07994264  1.50135288]
        location:  [-7.8117209  11.09456854  1.33805267]
        location:  [-7.37721138 11.2143034   1.61242858]
        location:  [-7.28282359 11.26541892  1.60804893]
        location:  [-6.96404609 11.49016763  1.68873209]
        location:  [-6.79872908 11.57898984  1.89712065]
        location:  [-6.99224717 11.34474796  1.82534294]
        location:  [-7.45051202 11.15246499  1.39666683]
        location:  [-7.49837047 10.97150706  1.27796218]
        location:  [-7.52994173 10.87000004  1.23701313]
        location:  [-7.34234492 10.99570321  1.29400904]
        location:  [-7.38330089 10.89683373  1.2300828 ]
        location:  [-7.76706362 10.72440456  0.95060022]
        location:  [-8.26631447 10.45687336  0.63567172]
        location:  [-8.5235101  10.33255797  0.47479992]
        location:  [-8.77266875 10.29056628  0.48596621]
        location:  [-9.0166597  10.10910364  0.44500899]
        location:  [-8.69803066 10.28133156  0.68978695]
        location:  [-8.66264639 10.26302503  0.78441552]
        location:  [-8.65972045 10.28752015  0.65150917]
        location:  [-9.33064852 10.09447469  0.26649861]
        location:  [-9.32283506  9.97638959  0.18711427]
        location:  [-9.37465303  9.94544879  0.18774311]
        location:  [-9.01185892 10.25297088  0.37435133]
        location:  [-8.63102863 10.27282939  0.56888144]
        location:  [-8.35133271 10.39249093  0.71306257]
        location:  [-8.06066855 10.66279975  1.04467009]
        location:  [-7.72108471 10.87584869  1.1371293 ]
        location:  [-7.65540634 10.9228116   1.05793211]
        location:  [-7.76002811 10.86411674  0.99786341]
        location:  [-8.09539937 10.59576599  0.93682305]
        location:  [-7.69579615 10.87811908  1.05244771]
        location:  [-7.70279596 10.84058612  1.04990676]
        location:  [-7.52404348 10.97483042  0.87757159]
        location:  [-7.73400577 10.74948536  0.79744666]
        location:  [-7.7449478  10.84052951  0.72645889]
        location:  [-7.43550925 10.97103373  1.05279989]
        location:  [-7.27817838 11.19980711  1.14437154]
        location:  [-7.31039979 11.16722232  1.24219631]
        location:  [-7.87476492 10.92156016  1.10586196]
        location:  [-8.14146935 10.56418122  0.8916984 ]
        location:  [-8.40121701 10.66308224  0.77367666]
        location:  [-8.20958581 10.71799687  1.05325401]
        location:  [-7.9000291  10.92916856  1.23655046]
        location:  [-7.72090373 10.93471094  1.35196725]
        location:  [-7.58544834 11.08937442  1.27542745]
        location:  [-7.18230021 11.37737606  1.51049189]
        location:  [-7.23001832 11.21340691  1.58461672]
        location:  [-7.50333264 11.09370455  1.55171923]
        location:  [-7.71688625 10.89469053  1.19706966]
        location:  [-8.31347868 10.58554447  0.82890601]
        location:  [-8.27863125 10.45072382  0.71601375]
        location:  [-8.42316196 10.41383102  0.75463748]
        location:  [-8.36074782 10.52493083  0.87755126]
        location:  [-8.44466245 10.47979839  0.97686121]
        location:  [-8.68678275 10.6006131   0.89987135]
        location:  [-8.33051628 10.55358931  1.15674527]
        location:  [-7.87340657 10.89167065  1.37351643]
        location:  [-7.4756647  11.12129147  1.69232283]
        location:  [-7.07574954 11.2774263   1.83318796]
        location:  [-7.3637425  11.32751398  1.7195178 ]
        location:  [-7.16921807 11.21148561  1.88809104]
        location:  [-7.44553802 11.21090335  1.60533836]
        location:  [-7.56482739 11.00089704  1.55167285]
        location:  [-7.51757526 11.02076208  1.54167044]
        location:  [-7.03075881 11.28848508  1.63420362]
        location:  [-6.95497877 11.21967546  1.67466705]
        location:  [-6.73786782 11.39060144  1.63222518]
        location:  [-6.57250521 11.54758986  1.78311079]
        location:  [-6.88253168 11.50398782  1.57082732]
        location:  [-7.1928288  11.38382234  1.33020719]
        location:  [-7.2521351  11.31697298  1.29760515]
        location:  [-7.50419816 11.41457956  1.18582401]
        location:  [-7.47718475 11.67433372  1.30556976]
        location:  [-8.22153233 11.75570632  1.24405001]
        location:  [-8.8210086  11.48573108  0.63277052]
        location:  [-8.54793368 10.21534797  0.14601026]
        location:  [-7.51731478  7.96714919 -0.23559285]
        location:  [-5.7839302   4.72737901 -0.82539342]
        location:  [-4.82805226  0.73105384 -1.90708748]
        location:  [-3.61461137 -3.30099893 -2.49355268]
        location:  [-2.10113783 -6.00736553 -2.3578545 ]
        location:  [-1.13850993 -7.25690016 -2.223982  ]
        location:  [-1.21519665 -7.47806784 -2.11775254]
        location:  [-0.75762362 -7.2090067  -1.81410688]
        location:  [-0.48256557 -5.64397183 -1.61009218]
        location:  [-0.62355514 -3.86420028 -1.3207608 ]
        location:  [-0.23178247 -1.62072735 -0.98774328]
        location:  [-0.41840744 -0.63609123 -1.04048167]
        location:  [-0.46221128 -0.73633789 -1.066644  ]
        location:  [-0.28886103 -0.79386264 -1.17951867]
        location:  [-0.45576853 -0.72131548 -1.37285804]
        location:  [-0.12376238 -0.58764828 -0.98485176]
        location:  [ 0.36544101 -0.32315473 -0.77053219]
        location:  [ 0.78377007 -0.20333222 -0.59669254]
        location:  [ 1.17612917 -0.02341954 -0.57388643]
        location:  [ 1.33494877  0.22398767 -0.27771441]
        location:  [1.93058941 0.66369313 0.31209706]
        location:  [2.96652598 1.14471394 0.71295098]
        location:  [3.38988668 1.36600276 0.8699586 ]
        location:  [3.36829296 1.51845551 0.89375603]
        location:  [4.37984128 1.8888504  1.46071759]
        location:  [4.91852834 2.20490913 1.93645668]
        location:  [4.87040143 2.44348626 2.20738251]
        location:  [5.29085898 2.64504869 2.57190987]
        location:  [5.23060577 2.73372798 2.77620202]
        location:  [4.76793097 2.64246533 2.4653267 ]
        location:  [4.63487908 2.31991199 2.29263286]
        location:  [4.16604266 2.13895398 2.0290119 ]
        location:  [4.04983096 1.89329689 2.01508501]
        location:  [3.63739964 1.89909637 1.67557828]
        location:  [3.62455634 1.806505   1.60096776]
        location:  [3.54997751 1.7657408  1.50064253]
