      location:  [3.30937683 1.44874932 1.50379139]
        location:  [2.93487471 1.45234969 1.16646767]
        location:  [2.73911844 1.34633988 1.20205335]
        location:  [3.11818457 1.35909988 1.22182056]
        location:  [3.25981268 1.53962923 1.46072335]
        location:  [3.61138192 1.69388774 1.53910093]
        location:  [3.53135995 1.70263255 1.61246198]
        location:  [3.00155921 1.48838578 1.3100309 ]
        location:  [2.99870079 1.35194057 1.23629951]
        location:  [2.82695936 1.42108847 1.22486567]
        location:  [2.63303507 1.26032914 1.02854426]
        location:  [2.68419176 1.20605092 0.8029834 ]
        location:  [2.83761773 1.18930905 0.83668053]
        location:  [3.25487935 1.45307987 0.96577594]
        location:  [3.1795505  1.248969   0.79238622]
        location:  [3.0443351  1.15854113 0.7744181 ]
        location:  [3.38514122 1.45230074 0.81485283]
        location:  [3.4414139  1.40218616 0.6996138 ]
        location:  [3.17644358 1.20182115 0.4060356 ]
        location:  [2.83618605 1.10565996 0.21896222]
        location:  [2.81019372 1.13236532 0.34862841]
        location:  [2.65782656 1.09429575 0.21803041]
        location:  [2.76782756 0.94815587 0.46594525]
        location:  [2.98543306 1.29068154 0.70039285]
        location:  [3.41324114 1.41655613 0.93210159]
        location:  [3.58616193 1.60839769 1.17776631]
        location:  [3.33050425 1.43811837 1.00359399]
        location:  [3.24992682 1.33238024 1.13214438]
        location:  [2.89056014 1.32698056 0.93793453]
        location:  [1.92025357 0.87605103 0.29198109]
        location:  [ 0.84799928  0.3197984  -0.09211901]
        location:  [-0.15468252 -0.36410866 -0.59891651]
        location:  [-0.79037394 -0.82014113 -0.90081111]
        location:  [-1.33160516 -1.18995747 -1.09802286]
        location:  [-1.63031255 -1.30857356 -1.4464097 ]
        location:  [-1.54761142 -1.22865543 -1.41812752]
        location:  [-1.51978728 -1.20428439 -1.37341627]
        location:  [-1.07685481 -1.20226368 -1.27061271]
        location:  [-0.9410139  -1.02841156 -1.15311961]
        location:  [-0.27030313 -0.72519665 -0.69245165]
        location:  [ 0.33713238 -0.25289008 -0.47446314]
        location:  [ 0.61690087 -0.19331402 -0.47658823]
        location:  [ 0.43546662 -0.32974258 -0.63593633]
        location:  [ 0.53349256 -0.19736    -0.51221303]
        location:  [ 0.84754122  0.10981871 -0.30315503]
        location:  [ 1.45195112  0.35100147 -0.01707237]
        location:  [1.70296703 0.46912976 0.17053178]
        location:  [1.79016522 0.64219703 0.05112771]
        location:  [2.36301248 0.99310994 0.16964143]
        location:  [2.95247564 1.24332352 0.42873351]
        location:  [3.94769953 1.8114373  0.99578618]
        location:  [4.1672392  1.82985565 1.11186468]
        location:  [3.8396008  1.70735218 0.84367782]
        location:  [2.80647206 1.26640783 0.41621656]
        location:  [1.99850398 0.86021005 0.15168598]
        location:  [2.24446931 0.89097605 0.2251333 ]
        location:  [2.51271633 1.0390349  0.2777511 ]
        location:  [2.65225295 1.1314291  0.32010307]
        location:  [3.17914667 1.26161211 0.61604406]
        location:  [2.87387798 1.24343371 0.59844676]
        location:  [2.67166471 0.92900646 0.72009174]
        location:  [2.61161354 0.66592212 0.84395433]
        location:  [2.4268195  0.39964617 0.92672626]
        location:  [ 1.5315215  -0.19895951  0.91301689]
        location:  [ 0.14396901 -0.74499028  1.13978074]
        location:  [-2.29975697 -1.78045355  1.73636691]
        location:  [-4.45753429 -2.68723755  2.63965753]
        location:  [-6.0357793  -2.44415954  3.66233698]
        location:  [-9.13383417 -2.38800139  3.86805245]
        location:  [-11.95583803  -2.15186653   5.0275866 ]
        location:  [-15.5170937   -2.2984736    5.72777129]
        location:  [-19.36485882  -2.51652553   6.15957996]
        location:  [-24.10477319  -2.46212359   6.47846294]
        location:  [-28.67029651  -2.70008129   7.11147109]
        location:  [-33.79216236  -2.99827384   7.94368434]
        location:  [-39.10255346  -3.44775796   8.87627527]
        location:  [-44.03561073  -3.78381528   9.73995916]
        location:  [-50.01609868  -4.05706098  10.44517491]
        location:  [-56.02328845  -4.66100577  11.26850227]
        location:  [-62.67626122  -5.5000402   11.4783297 ]
        location:  [-69.17258934  -5.56566859  11.55753929]
        location:  [-75.04737745  -4.85352526  11.64321858]
        location:  [-81.63705141  -4.07548846  11.4547658 ]
        location:  [-87.76200796  -2.77554082  11.87363632]
        location:  [-93.20482903  -0.41273533  12.30805491]
        location:  [-98.45429055   2.29894212  12.13307394]
        location:  [-103.27678052    5.17034172   12.04552102]
        location:  [-108.01287728    8.83771072   11.89330349]
        location:  [-112.87514042   12.56978368   11.69641196]
        location:  [-116.96229467   16.94359425   11.1636273 ]
        location:  [-120.53032334   21.87548464   10.90916966]
        location:  [-123.22456874   26.97782906   10.87159386]
        location:  [-124.56344897   32.97623074   11.48094905]
        location:  [-128.42986712   45.32375986   11.06132657]
        location:  [-129.22124767   51.19350958   10.8898801 ]
        location:  [-129.83530494   57.29280996   10.89117349]
        location:  [-129.23148662   63.1111122    10.479026  ]
        location:  [-128.20695908   69.4093715    10.282223  ]
        location:  [-126.98956837   75.55515654   10.26927586]
        location:  [-124.11151957   82.13786942   11.12947716]
        location:  [-121.6507683    88.44092812   11.26481522]
        location:  [-119.02845749   94.87639973   10.90843032]
        location:  [-114.99948023  101.2942719    10.80885898]
        location:  [-110.41648823  108.73283698   11.31949216]
        location:  [-104.77545553  115.31687904   11.4776953 ]
        location:  [-92.48183354 129.84799642  11.50951343]
        location:  [-85.60210751 137.15947047  11.97157049]
        location:  [-79.18434746 144.00348908  11.70243511]
        location:  [-71.83614914 149.94799326  11.23850836]
        location:  [-63.77035503 155.79207443  11.0015035 ]
        location:  [-55.04315771 160.81520964  10.57042627]
        location:  [-45.75978384 165.80203062  10.07401324]
        location:  [-27.22752627 172.30452146   9.13868847]
        location:  [ -7.28482021 176.80126324  10.49105052]
        location:  [ 22.65144058 177.18408276  11.90224493]
        location:  [ 32.00332407 175.85900582  11.44605471]
        location:  [ 41.32162746 173.81374357  11.12594899]
        location:  [ 51.51394594 172.1939044   12.02713808]
        location:  [ 60.82090246 169.54413304  11.93155894]
        location:  [ 69.25727954 166.09107106  11.61356056]
        location:  [ 77.72315952 162.64646491  11.69803527]
        location:  [ 85.81042718 158.67526035  11.46542183]
        location:  [ 93.22519852 154.33338727  11.21062724]
        location:  [107.93759609 144.87442956  11.28385344]
        location:  [114.75803622 139.25290157  11.57358861]
        location:  [121.19478264 132.60133153  11.54102098]
        location:  [128.02407892 125.40558353  12.42618792]
        location:  [134.26497663 116.98095288  13.2072012 ]
        location:  [139.79627861 107.42257074  13.2596705 ]
        location:  [145.52672573  97.60447711  13.48779163]
        location:  [150.78355597  86.64381209  14.14300947]
        location:  [155.54319113  75.35129697  14.96959255]
        location:  [160.51483483  63.57835039  15.49963603]
        location:  [164.52366482  51.64200188  15.75071663]
        location:  [167.13606496  38.88582196  15.36051486]
        location:  [168.88311511  25.57367003  14.91309522]
        location:  [169.54749713  12.60265833  14.73383098]
        location:  [169.60509419  -0.37410177  14.72168753]
        location:  [170.14530583 -12.89527235  15.57139974]
        location:  [169.35504855 -25.62501283  16.24064728]
        location:  [166.54927569 -38.5025737   16.20528728]
        location:  [164.22813879 -51.15129911  16.60498154]
        location:  [161.11829525 -63.45498031  16.95511361]
        location:  [157.6994936  -75.37506412  17.7223157 ]
        location:  [154.2053767  -86.35464503  18.79596448]
        location:  [149.0022563  -97.43463098  20.13133916]
        location:  [ 143.02112298 -107.78840075   21.73688763]
        location:  [ 137.08962508 -117.42263313   23.61393049]
        location:  [ 129.37684337 -127.14950121   25.32324079]
        location:  [ 121.25464134 -136.76635311   27.15250943]
        location:  [ 113.03283238 -145.23747643   28.91811573]
        location:  [ 103.68889162 -153.6313109    30.63826417]
        location:  [  92.83070398 -162.63864274   32.05595354]
        location:  [  80.68249481 -171.48822283   33.33467386]
        location:  [  67.52276881 -180.40966573   34.40895957]
        location:  [  53.30653672 -189.10789543   35.53761757]
        location:  [  38.63378702 -197.28148844   36.942235  ]
        location:  [   8.80021776 -211.9902908    39.37246834]
        location:  [  -5.66572044 -217.94017229   40.79391874]
        location:  [ -19.23555775 -221.31045257   43.27239949]
        location:  [ -33.16011646 -224.84825478   46.46187792]
        location:  [-330.18951796 -151.98399725   65.62234165]
        location:  [-361.70777868 -117.49617879   60.67832154]
        location:  [-366.18356352 -115.03641871   68.58485291]
        location:  [-364.51078358 -114.26563715   70.18499434]
        location:  [-361.98455607 -112.82929449   69.69753874]
        location:  [-360.25375837 -110.7732114    65.47035833]
        location:  [-360.19257524 -110.22703274   63.3544563 ]
        location:  [-360.60071051 -110.76475153   62.24913322]
        location:  [-360.28964056 -110.55987866   62.0554612 ]
        location:  [-360.33045445 -107.08388084   61.34566357]
        location:  [-360.08318929 -105.2589619    62.09961096]
        location:  [-360.55112187 -103.35740869   62.52000999]
        location:  [-363.63240245 -100.90072365   61.53959006]
        location:  [-364.27715902  -96.96139794   62.1028014 ]
        location:  [-365.50080547  -91.92545421   63.13461396]
        location:  [-365.20433507  -86.20594162   66.07058954]
        location:  [-365.98344142  -79.87737546   67.53855885]
        location:  [-363.40365205  -59.66391977   69.84800446]
        location:  [-363.84294538  -45.96169855   72.3707099 ]
        location:  [-364.98508196  -31.76748007   74.90367111]
        location:  [-363.81639484  -16.61567079   77.73641222]
        location:  [-3.64961313e+02  6.42141619e-02  7.99676694e+01]
        location:  [-365.55142894   16.19059217   83.36093126]
        location:  [-364.87507099   32.90751578   89.54735005]
        location:  [-361.69945194   50.43002451   96.78140818]
        location:  [-356.27742088   69.10305757  103.47327112]
        location:  [-351.97557376   90.16779905  109.73780343]
        location:  [-347.94732019  111.46821853  115.51730995]
        location:  [-342.07174462  132.31437578  121.15536279]
        location:  [-335.39159702  154.04967616  125.68650419]
        location:  [-329.72564234  176.48272139  128.62392484]
        location:  [-324.30452163  199.63663184  129.16827726]
        location:  [-317.44411     222.37028191  128.45340379]
        location:  [-308.67591383  245.43156325  126.76373328]
        location:  [-299.21585847  268.00739211  125.39158824]
        location:  [-288.86325201  289.30289861  123.69553243]
        location:  [-277.38016335  309.51021801  121.01519024]
        location:  [-263.47141233  327.58168218  119.10214253]
        location:  [-249.11238953  342.86557299  117.93511003]
        location:  [-233.28812272  355.53921405  114.94180101]
        location:  [-215.42927769  366.83498225  111.00659016]
        location:  [-198.75919006  376.73755874  107.31243302]
        location:  [-180.07112648  382.96425521  104.92910842]
        location:  [-159.93720489  386.53965829  103.19147459]
        location:  [-139.32987062  387.76647269  101.26994268]
        location:  [-118.09494034  387.57170706  100.19561674]
        location:  [-98.08825037 385.68051257  98.79614896]
        location:  [-77.55000974 382.30806296  97.23819357]
        location:  [-57.57322714 378.18036096  95.23917582]
        location:  [-38.01310146 373.47033102  93.09053626]
        location:  [-18.33158065 367.63639508  90.7292952 ]
        location:  [  1.68581364 361.54864578  88.82822046]
        location:  [ 20.11885792 354.66627733  86.91659093]
        location:  [ 37.97486064 346.50729843  85.2581596 ]
        location:  [ 55.34095318 337.40114483  83.48603821]
        location:  [ 72.13246337 327.32669781  81.20857588]
        location:  [ 88.83896382 316.17435236  79.25761039]
        location:  [104.52443615 303.68416036  78.3672114 ]
        location:  [119.45665601 290.72338733  77.32839221]
        location:  [133.52274069 277.27311725  76.22555279]
        location:  [146.52006932 262.69593514  74.49251297]
        location:  [159.15470343 247.72348322  73.2420991 ]
        location:  [170.29589052 232.46793665  71.80937079]
        location:  [180.33839023 216.89236198  70.77309527]
        location:  [189.16573809 200.57944317  69.53872407]
        location:  [196.36866208 184.05958767  68.97478838]
        location:  [202.34362969 167.25264767  68.05637658]
        location:  [206.64342609 150.53492121  67.20509232]
        location:  [210.26379638 133.00175102  66.33256075]
        location:  [213.45629165 116.02465153  65.67998929]
        location:  [215.50776244  99.29132503  65.26159653]
        location:  [216.94576113  82.88115848  65.36748583]
        location:  [218.47623067  66.92259112  65.43081223]
        location:  [219.46217444  50.66976648  65.6304609 ]
        location:  [220.53118819  34.18226642  65.75892986]
        location:  [221.65062785  18.03357403  66.44830929]
        location:  [222.33949532   2.03826744  67.16461358]
        location:  [222.69644415 -14.33230816  67.91225258]
        location:  [222.36768048 -31.10760931  68.53177689]
        location:  [221.72779562 -48.12167382  68.68497759]
        location:  [220.37346862 -65.73067005  68.97661983]
        location:  [218.16745566 -83.686195    69.09818406]
        location:  [ 215.55466585 -102.13899921   69.15728482]
        location:  [ 212.2949087  -121.66783665   69.76161649]
        location:  [ 208.54743445 -141.69436303   70.16699522]
        location:  [ 204.68771126 -161.93362629   70.60418642]
        location:  [ 200.51755938 -182.87393457   71.08439238]
        location:  [ 195.88275189 -204.03170272   71.99270406]
        location:  [ 191.38876323 -224.2430389    73.09674329]
        location:  [ 186.59014312 -243.13539548   73.57775966]
        location:  [ 181.77135689 -261.18278346   73.65235946]
        location:  [ 175.71688218 -278.46250658   72.91613846]
        location:  [ 169.17351571 -295.19415084   72.6048954 ]
        location:  [ 161.47404666 -310.95184024   72.90468114]
        location:  [ 153.15287374 -324.77783203   73.8003699 ]
        location:  [ 143.96827461 -337.19453044   74.99716149]
        location:  [ 134.39032335 -348.34938997   76.11317281]
        location:  [ 124.67581219 -359.00107513   76.19739933]
        location:  [ 114.08752803 -369.79703853   76.98233866]
        location:  [ 102.51694056 -380.31753804   80.1368762 ]
        location:  [  74.85376586 -399.64576438   87.41809662]
        location:  [  61.80727707 -407.71936536   89.01739596]
        location:  [  48.51943164 -413.87304611   91.10400874]
        location:  [  15.75141879 -424.78907925   98.14399546]
        location:  [  -1.24696778 -429.96597003  101.23957656]
        location:  [ -49.65960041 -440.37586982  109.06574103]
        location:  [ -66.0899263  -441.50693573  113.73128183]
        location:  [ -84.79651318 -443.28775136  117.08610071]
        location:  [-103.28390745 -447.0692103   118.83202787]
        location:  [-137.31067029 -452.97616069  121.44753885]
        location:  [-154.37468165 -456.04292614  121.40681809]
        location:  [-168.82304809 -457.9544211   122.07581458]
        location:  [-183.87744128 -460.59093368  122.82442524]
        location:  [-198.38918276 -463.3830364   124.31737346]
        location:  [-240.95771242 -466.93183549  125.6144021 ]
        location:  [-256.64870078 -467.05991187  125.10589103]
        location:  [-286.95184247 -464.47441128  122.76449074]
        location:  [-301.06633445 -459.16290217  122.13634868]
        location:  [-316.79569627 -452.14108796  121.62003124]
        location:  [-332.49616671 -443.2844045   121.78995908]
        location:  [-347.82552627 -433.36890456  122.89971852]
        location:  [-415.24323793 -383.83491403  123.89284138]
        location:  [-447.24500991 -353.16100895  123.34099326]
        location:  [133.28593678 564.03374582 151.65571759]
        location:  [157.4139509  560.62908651 152.42831646]
        location:  [243.43428128 527.92949843 150.47732042]
        location:  [348.34253983 407.25291385 156.66819975]
        location:  [393.32092906 295.25455873 168.99714437]
        location:  [404.02601149 269.45042677 170.4793658 ]
        location:  [412.61960571 244.14870408 171.82743771]
        location:  [426.61991705 190.05701778 174.87531655]
        location:  [431.64739898 162.24133886 175.07436391]
        location:  [436.83478885 134.4866027  174.45519   ]
        location:  [441.82078908 107.775385   174.84781802]
        location:  [446.77542577  82.79114737 176.16531547]
        location:  [451.08955412  58.07453092 177.27380752]
        location:  [454.14654954  31.73529898 178.23865266]
        location:  [455.72222559   4.21587009 179.87927779]
        location:  [456.60818392 -23.07651449 181.91958517]
        location:  [456.85629963 -48.89653391 183.83674391]
        location:  [455.55021386 -74.34722485 185.58760594]
        location:  [ 452.40404654 -100.45120849  186.66541524]
        location:  [ 449.40815528 -126.40681564  187.36422119]
        location:  [ 446.74621269 -151.18018389  189.30675852]
        location:  [ 442.44332721 -176.18622744  192.33741584]
        location:  [ 437.11677273 -201.29276308  195.07473397]
        location:  [ 431.71537831 -225.96611497  197.12395177]
        location:  [ 425.96017132 -250.20694101  199.04066518]
        location:  [ 419.27674365 -273.8316641   201.29058306]
        location:  [ 412.34650537 -296.93275785  203.02220212]
        location:  [ 404.7333647  -319.96996882  204.58592003]
        location:  [ 396.44692829 -343.18676414  206.24659843]
        location:  [ 388.19312112 -364.93284009  208.40673274]
        location:  [ 380.03606424 -384.85008517  210.12931416]
        location:  [ 371.45084234 -403.77529126  211.97085156]
        location:  [ 361.46821618 -421.7900965   213.31103045]
        location:  [ 351.56257632 -438.04178839  213.87606333]
        location:  [ 341.27652664 -452.73507588  213.78080931]
        location:  [ 330.67903629 -466.16719358  212.67795925]
        location:  [ 320.56391657 -477.963644    211.51579062]
        location:  [ 310.14185095 -488.74407119  209.87190241]
        location:  [ 298.74973119 -498.64851705  208.92839928]
        location:  [ 285.3452442  -508.05568843  206.99354456]
        location:  [ 272.41225217 -516.47371099  205.26797412]
        location:  [ 259.2033691  -524.16855867  204.19044536]
        location:  [ 245.33129403 -530.89696796  203.60757534]
        location:  [ 230.50086186 -536.62681607  203.58531078]
        location:  [ 213.7937587  -541.89250428  203.0483789 ]
        location:  [ 196.3835869  -546.79358095  202.65356828]
        location:  [ 178.87283497 -550.92886747  202.18598566]
        location:  [ 162.11349324 -552.9549753   200.97181605]
        location:  [ 145.50564326 -554.38145689  198.12656481]
        location:  [ 131.15673344 -553.01700091  198.52648647]
        location:  [ 113.65238708 -550.70806154  200.95420155]
        location:  [  90.95955575 -550.49027787  199.85441856]
        location:  [  69.10717897 -551.18391906  197.83695382]
        location:  [  47.21461894 -550.26863802  197.09004161]
        location:  [  25.86661339 -548.28808982  198.0118815 ]
        location:  [   3.30983594 -546.54483452  198.27558341]
        location:  [ -19.44211199 -544.96363267  198.20476813]
        location:  [ -42.47663617 -543.4805707   198.49587047]
        location:  [ -66.15665079 -541.93441425  199.93889288]
        location:  [ -90.6491386  -540.51389181  201.17430643]
        location:  [-114.93597268 -540.00379406  202.22107719]
        location:  [-138.89699508 -539.41302606  202.94171448]
        location:  [-183.99097941 -540.05757399  206.41113624]
        location:  [-205.74555996 -539.88551362  210.78311742]
        location:  [-287.68061497 -529.4068051   229.4601092 ]
        location:  [115.26717723 525.36061455 425.52326197]
        location:  [137.0839482  513.02306757 424.78275252]
        location:  [177.64983754 487.20006471 418.76619217]
        location:  [216.45488102 451.64129117 412.96490087]
        location:  [234.51813716 431.3438438  410.83352215]
        location:  [250.67518508 408.69540986 409.26025614]
        location:  [267.70545982 383.87875415 408.0102477 ]
        location:  [284.02200641 358.53676413 407.50988813]
        location:  [  44.50875078 -488.14129205  484.21810063]
        location:  [   2.08575647 -483.72489772  486.55382349]
        location:  [ -36.6013468  -469.08639557  483.95424993]
        location:  [ -72.71355473 -448.24707575  480.38516808]
        location:  [-293.17913915 -168.88945506  445.56692411]
        location:  [-315.5496941  -111.44461233  436.13805592]
        location:  [-347.26213074  -26.50489725  429.32823685]
        location:  [-356.5907084    -1.35987195  430.13916737]
        location:  [-362.2982258    22.61051696  432.57408434]
        location:  [  13.66848352 -111.45379609  345.7686921 ]
        location:  [   4.63651705 -113.47964552  333.3799194 ]
        location:  [ -13.60174248 -112.02012347  309.74629288]
        location:  [ -36.83603184 -100.56549186  272.72597759]
        location:  [-56.9438919  -84.50211161 235.64931636]
        location:  [-60.152996   -79.81083867 221.22342935]
        location:  [-60.37054458 -69.72696436 194.74859864]
        location:  [-61.8813795  -64.34034656 185.11068501]
        location:  [-62.58394634 -59.908124   174.51791944]
        location:  [-60.01476881 -55.92931992 161.94223405]
        location:  [-55.63987976 -51.88847452 150.1371186 ]
        location:  [-50.80949019 -46.52912155 141.63470673]
        location:  [-48.75325923 -40.84072429 133.31750555]
        location:  [-46.91022312 -37.61065877 122.81831461]
        location:  [-43.37015811 -37.56766852 111.10791312]
        location:  [-38.67907724 -37.3037954  100.40211912]
        location:  [-35.24663651 -34.91949499  89.95952149]
        location:  [-30.96264746 -29.79748759  79.65540636]
        location:  [-29.11490338 -23.39809104  69.27704825]
        location:  [-29.76622511 -19.52038392  59.75114606]
        location:  [-25.68566126 -16.96885419  41.85403612]
        location:  [-21.64126133 -14.89669481  34.24178555]
        location:  [-18.56626037 -11.26677854  28.53496352]
        location:  [-16.47906523  -8.17948547  25.83681608]
        location:  [-11.96178488  -5.49174655  22.40436877]
        location:  [-10.27276209  -4.99349796  19.85008255]
        location:  [-9.45278492 -5.79768578 16.06790348]
        location:  [-7.8833324  -5.37054016 11.30850316]
        location:  [-7.1059058  -3.7420573   8.74421041]
        location:  [-6.65510572 -2.85710016  8.61254309]
        location:  [-6.45599737 -3.08031454  8.09234079]
        location:  [-4.84892607 -2.08964057  5.14818232]
        location:  [-2.92534596 -1.72697605  5.01378541]
        location:  [-2.7447352  -0.77796494  4.1928625 ]
        location:  [-1.69077991 -0.77778976  4.41961794]
        location:  [-2.05250128 -1.10044418  3.64367479]
        location:  [-2.08469993 -1.27687502  3.2517906 ]
        location:  [-2.76219935 -1.07327762  2.71999278]
        location:  [-3.82578096 -0.66512988  2.14059721]
        location:  [-4.4545666  -0.73339358  1.73423419]
        location:  [-4.75148781 -0.91815611  1.49124192]
        location:  [-4.92169839 -1.24055566  1.38914132]
        location:  [-6.76306172 -4.15071393  0.7236594 ]
        location:  [-5.8962386  -4.11142648  0.93532933]
        location:  [-4.87298878 -3.53368794  0.93437318]
        location:  [-4.19553972 -3.40018376  0.84956513]
        location:  [-3.34239806 -2.81185897  0.9746121 ]
        location:  [-2.63223498 -2.47343947  1.05423014]
        location:  [-2.07003311 -1.98838882  0.99029675]
        location:  [-1.79392034 -1.72445611  1.21467046]
        location:  [-1.99817391 -1.59292627  1.41056451]
        location:  [-2.09526405 -1.76732909  1.36077716]
        location:  [-1.59528329 -1.3631631   1.3835991 ]
        location:  [ 0.69642005 -0.0373225   1.51987105]
        location:  [1.34306885 0.77843965 1.22085507]
        location:  [1.64050837 0.99965161 1.3112499 ]
        location:  [1.15148476 0.74908594 1.07746821]
        location:  [1.12200583 0.51678123 0.83102833]
        location:  [0.40265551 0.47617785 0.54732633]
        location:  [0.59873056 0.41188365 0.6396135 ]
        location:  [0.38697323 0.35591611 0.74432153]
        location:  [0.52198878 0.28860837 0.96163101]
        location:  [0.62667889 0.39767708 0.94431893]
        location:  [0.92729422 0.67083185 1.13526687]
        location:  [1.33923316 0.7581058  1.1960004 ]
        location:  [1.36629296 0.86325446 1.1586744 ]
        location:  [1.31410146 0.86575226 1.01386303]
        location:  [1.22374262 0.89675892 1.03443054]
        location:  [1.48006124 0.78809475 1.18569802]
        location:  [1.5285528  0.86444575 1.08941041]
        location:  [1.52527966 0.91478415 1.14968016]
        location:  [1.38900053 0.82853309 1.13111882]
        location:  [1.54482378 0.97333483 1.22894164]
        location:  [1.80571138 1.0748164  1.39803289]
        location:  [1.41931171 1.03985473 1.34681953]
        location:  [1.6829208  1.14518386 1.54905812]
        location:  [1.52613535 1.16083856 1.41715081]
        location:  [1.75065619 0.98129763 1.48362607]
        location:  [1.67573855 1.09731544 1.50590575]
        location:  [1.7128515  1.0963974  1.36121362]
        location:  [1.66675071 0.97489543 1.4576072 ]
        location:  [1.51038593 1.05528965 1.32909026]
        location:  [1.68479073 1.00756448 1.2180462 ]
        location:  [1.8016705  1.00101784 1.2816617 ]
        location:  [1.92916181 1.09172306 1.36343526]
        location:  [1.74912082 1.02238382 1.38887243]
        location:  [1.47906677 1.14945393 1.28663903]
        location:  [1.60472064 1.06014856 1.39898395]
        location:  [1.53527527 1.00946303 1.27256444]
        location:  [1.34576392 0.7928541  1.29894087]
        location:  [1.1408302  0.77949114 1.0791065 ]
        location:  [1.09350235 0.69738038 1.11149983]
        location:  [0.95584642 0.70605362 0.89914007]
        location:  [0.72973148 0.57523479 0.8131019 ]
        location:  [0.39334091 0.46234173 0.74515621]
        location:  [0.34495644 0.3418686  0.82930362]
        location:  [-0.02715499  0.17668577  0.64333349]
        location:  [-0.07725259  0.29245759  0.68605655]
        location:  [0.34514853 0.30927103 0.92312044]
        location:  [0.55903548 0.40040735 1.0226849 ]
        location:  [0.57829164 0.5713529  0.9608232 ]
        location:  [0.79791698 0.62263006 1.02321973]
        location:  [1.19323984 0.75439841 1.3589437 ]
        location:  [1.16605543 0.78322761 1.30716821]
        location:  [1.02998597 0.7171407  1.02811428]
        location:  [1.08768911 0.80382684 1.02595836]
        location:  [0.99186928 0.62794631 0.96707449]
        location:  [0.83494793 0.5380522  0.87083125]
        location:  [0.7012262  0.44894891 0.64739044]
        location:  [0.52099789 0.43615936 0.75683271]
        location:  [0.58285591 0.48619631 0.88628409]
        location:  [0.87748839 0.5731776  1.12392374]
        location:  [0.75929442 0.72963661 0.98109855]
        location:  [0.60217854 0.44611781 0.89599545]
        location:  [0.61875791 0.38642874 0.90220794]
        location:  [0.29480467 0.3160182  0.6204027 ]
        location:  [0.28426    0.19552672 0.48561101]
        location:  [0.44041901 0.27825015 0.4753208 ]
        location:  [0.51768916 0.40707791 0.42585822]
        location:  [0.66649649 0.35449843 0.50416687]
        location:  [0.85733046 0.48126248 0.44421157]
        location:  [0.88257426 0.41391829 0.48865761]
        location:  [1.1776196  0.66452929 0.7039346 ]
        location:  [1.66057655 0.93404461 1.07911944]
        location:  [1.6688094  0.90384313 1.00406576]
        location:  [1.68549766 0.8491701  1.03098177]
        location:  [1.79597983 0.96902436 0.97891012]
        location:  [1.64240819 0.92340954 0.93221258]
        location:  [1.47475614 1.06566864 1.1288665 ]
        location:  [1.84000256 1.09996288 1.47926616]
        location:  [1.76587421 1.02248221 1.37774036]
        location:  [1.84139128 1.18782874 1.4643002 ]
        location:  [1.79528278 1.03842042 1.3282703 ]
        location:  [1.79211085 1.10356624 1.29787356]
        location:  [1.84694922 1.12620096 1.47039627]
        location:  [1.88703973 1.21160175 1.6486335 ]
        location:  [1.96465665 1.18231134 1.75860787]
        location:  [1.56364565 1.15356151 1.62932921]
        location:  [1.26844337 0.97124328 1.35611018]
        location:  [1.00950029 0.83103482 1.27223611]
        location:  [1.09904295 0.78118121 1.1344499 ]
        location:  [1.375058   0.83100295 1.30498326]
        location:  [1.12624043 0.82398066 1.08419667]
        location:  [1.21086141 0.88849459 1.12372718]
        location:  [1.39521567 0.98097277 1.21248442]
        location:  [1.14901053 0.77833165 1.2022685 ]
        location:  [0.95490702 0.68365328 1.07383513]
        location:  [0.56764055 0.4349853  0.95098016]
        location:  [0.30435946 0.44888289 0.80928892]
        location:  [0.15789239 0.26114224 0.67765437]
        location:  [0.4751501  0.35991564 1.0256931 ]
        location:  [0.44799066 0.43707301 0.85049006]
        location:  [0.38868759 0.41458988 0.874466  ]
        location:  [0.42233863 0.45458303 1.00021596]
        location:  [0.2413593  0.37290723 0.89853077]
        location:  [0.29348665 0.25269785 0.81678403]
        location:  [0.55401745 0.53501865 0.93928745]
        location:  [1.05213275 0.7196012  1.25324202]
        location:  [1.20037878 0.91941289 1.37700683]
        location:  [1.00408406 0.76297086 1.21963254]
        location:  [1.33078975 0.8895116  1.37081183]
        location:  [1.39169859 0.82683191 1.42941023]
        location:  [1.19805263 0.94146571 1.26031387]
        location:  [1.22739667 0.89525665 1.10251843]
        location:  [1.1418569  0.91382644 1.20190763]
        location:  [1.51302649 0.91947503 1.27440631]
        location:  [1.64044635 0.91566681 1.24631913]
        location:  [0.9027035  0.62414076 0.72544508]
        location:  [0.43964171 0.33806723 0.59301208]
        location:  [0.69704118 0.33085847 0.61393245]
        location:  [1.17395072 0.72028854 0.88352466]
        location:  [1.47544991 0.91098201 1.09187147]
        location:  [1.86942853 1.07595285 1.37717799]
        location:  [1.78471456 1.16853331 1.36513959]
        location:  [1.61394043 1.08118502 1.44278974]
        location:  [1.42671767 1.00318458 1.32151089]
        location:  [1.17565738 0.89589786 1.08379489]
        location:  [1.36304962 0.74003307 1.06484672]
        location:  [1.19073074 0.74869756 0.91438759]
        location:  [1.19979841 0.65944469 0.87800566]
        location:  [1.08619881 0.73868466 0.81066709]
        location:  [1.55153339 0.82232476 0.91568098]
        location:  [1.71548038 1.02830405 1.14964853]
        location:  [1.82906717 1.13832308 1.34134363]
        location:  [2.02438708 1.14708181 1.3958957 ]
        location:  [2.08280275 1.18504527 1.57246564]
        location:  [2.07260282 1.33584807 1.60046648]
        location:  [1.78597615 1.13410907 1.44980519]
        location:  [1.50826999 1.11597539 1.39467755]
        location:  [1.55617009 1.15139721 1.56771418]
        location:  [1.63817359 1.07896064 1.7241186 ]
        location:  [1.80266105 1.13617464 1.75477961]
        location:  [1.79243394 1.16364303 1.6272991 ]
        location:  [1.74306517 1.03607644 1.60479466]
        location:  [1.63886096 1.05826668 1.59811261]
        location:  [1.89297064 1.10392546 1.57426968]
        location:  [1.84524131 1.19039685 1.49211661]
        location:  [1.64367271 1.07789812 1.33177081]
        location:  [1.0526062  0.74904581 0.87781764]
        location:  [0.84495525 0.49931318 0.79699167]
        location:  [0.5520607  0.35879019 0.48716854]
        location:  [0.23961011 0.32645641 0.35749299]
        location:  [0.23847366 0.14964295 0.4397707 ]
        location:  [0.17455358 0.19921286 0.46282296]
        location:  [0.12536662 0.21962607 0.35218934]
        location:  [0.67577617 0.41427706 0.73020797]
        location:  [0.79029123 0.42555163 0.81275922]
        location:  [0.66686404 0.49188467 0.7560125 ]
        location:  [0.61321712 0.6746701  0.89016443]
        location:  [0.52017288 0.51835281 0.83479479]
        location:  [0.84343024 0.42954611 0.90788844]
        location:  [1.05965755 0.67571833 0.98640268]
        location:  [1.03645197 0.68490528 0.90688751]
        location:  [0.95785881 0.62959828 0.86323725]
        location:  [0.99996171 0.80446995 0.95605355]
        location:  [1.21326755 0.86552906 1.17946462]
        location:  [1.33720934 0.79641031 1.30127913]
        location:  [1.0215881  0.86522669 1.23428628]
        location:  [0.9924997  0.69752931 1.0864918 ]
        location:  [0.70050204 0.49356055 1.04643756]
        location:  [0.86832223 0.55639181 0.94446148]
        location:  [0.77498736 0.49004257 0.78760197]
        location:  [0.78124774 0.44836702 0.87658254]
        location:  [1.05380708 0.72645968 0.87788554]
        location:  [1.08574788 0.74109802 0.93613914]
        location:  [1.22464577 0.82514072 1.00144266]
        location:  [1.44256306 0.91300022 1.19992319]
        location:  [1.37137573 0.89912746 1.11423983]
        location:  [1.31655984 0.91441214 0.96757958]
        location:  [1.30613773 0.71645692 1.1011786 ]
        location:  [1.28402075 0.79281069 1.01562731]
        location:  [1.32668741 0.75909661 1.17045514]
        location:  [1.15420597 0.76350244 1.15558145]
        location:  [1.11708352 0.79200757 1.18602141]
        location:  [1.25993467 0.89616895 1.37148456]
        location:  [1.16509542 0.90462677 1.28143058]
        location:  [1.85095224 1.0566024  1.59658719]
        location:  [2.11221316 1.25625873 1.73634888]
        location:  [2.00230164 1.40704819 1.69982927]
        location:  [1.89642637 1.33752786 1.65305233]
        location:  [1.93181792 1.20045275 1.64649986]
        location:  [1.9001182  1.19082392 1.60904246]
        location:  [1.89696786 1.17880922 1.65635826]
        location:  [1.93136869 1.34771917 1.53734668]
        location:  [1.95578456 1.17002914 1.34858733]
        location:  [1.79331798 1.10909567 1.43513568]
        location:  [1.77060558 1.08759609 1.18828686]
        location:  [1.69760632 1.10555647 1.12268109]
        location:  [1.78025864 0.96246605 1.30701744]
        location:  [1.43893421 0.95281173 0.96721953]
        location:  [0.83141945 0.64930149 0.631321  ]
        location:  [0.59695611 0.37095567 0.50655845]
        location:  [0.4658614  0.24204312 0.65092503]
        location:  [0.35308417 0.2496279  0.55053768]
        location:  [0.20953946 0.24904172 0.59033333]
        location:  [-0.08318305  0.06344267  0.45533435]
        location:  [-0.03115754  0.05616012  0.48418135]
        location:  [-0.18117345 -0.10146014  0.42545825]
        location:  [-0.50282826 -0.12772968  0.32829619]
        location:  [-0.29595213  0.08482012  0.52204702]
        location:  [0.16904635 0.17035114 0.97965757]
        location:  [0.44858199 0.52479365 1.06593843]
        location:  [0.88246329 0.64884407 1.22734988]
        location:  [1.39475892 0.86715603 1.42398578]
        location:  [1.26354052 0.89485849 1.34428659]
        location:  [1.43119988 1.07549806 1.37345821]
        location:  [1.56001604 1.09293898 1.45303344]
        location:  [1.89191585 1.17052398 1.58653753]
        location:  [2.12887561 1.35720008 1.47839048]
        location:  [2.22908954 1.4997903  1.6248957 ]
        location:  [2.38071262 1.59290029 1.66186801]
        location:  [2.54564678 1.48472616 1.70577241]
        location:  [2.7096494  1.64003662 1.84211404]
        location:  [2.57478328 1.47993779 1.6652443 ]
        location:  [2.01319868 1.33730199 1.35998677]
        location:  [1.71320999 0.97982881 1.10080149]
        location:  [1.90473001 0.97619547 0.99113372]
        location:  [1.74651088 0.99776975 0.82762185]
        location:  [1.60034917 0.89273607 0.98580189]
        location:  [1.52461678 0.92330079 1.0135403 ]
        location:  [1.16193177 0.64150482 0.90559107]
        location:  [0.88540008 0.54352701 0.76285385]
        location:  [1.0346705  0.57162663 0.71957848]
        location:  [0.92808818 0.54939437 0.6235488 ]
        location:  [0.90220163 0.47734947 0.68388868]
        location:  [1.0769452  0.5016429  0.81778602]
        location:  [1.00720227 0.48495757 0.66213614]
        location:  [1.15010974 0.64506464 0.7753694 ]
        location:  [1.13886279 0.70564096 0.69278165]
        location:  [1.0622046  0.60740795 0.86999881]
        location:  [1.13281886 0.71364967 0.97976986]
        location:  [1.12953311 0.76308052 0.97901093]
        location:  [1.37772995 0.8341433  1.18188975]
        location:  [1.20464242 0.84688888 1.1261591 ]
        location:  [1.2942249  0.92687134 1.47704495]
        location:  [1.19291908 0.90059043 1.28410345]
        location:  [1.15937631 0.82157965 1.16680413]
        location:  [1.28643725 0.7467255  0.95473894]
        location:  [1.37339173 0.85191502 0.93349762]
        location:  [1.91146785 0.92455108 0.90358006]
        location:  [1.53581658 0.94782448 0.87889935]
        location:  [1.62228244 0.88574759 0.88381413]
        location:  [1.50292435 0.9141527  0.798613  ]
        location:  [1.31994385 0.81427933 0.96607638]
        location:  [0.90842025 0.70203699 0.91475942]
        location:  [0.89532594 0.62251688 0.91546038]
        location:  [0.72419239 0.46401573 0.80922047]
        location:  [0.97797085 0.64652599 0.92074179]
        location:  [1.3123399  0.79100467 1.1039906 ]
        location:  [1.01946538 0.74180412 1.10080167]
        location:  [1.13556986 0.83983165 1.20272812]
        location:  [1.04821631 0.73850728 1.12472527]
        location:  [0.86748521 0.64449275 1.10407398]
        location:  [0.82987808 0.58656042 1.07914885]
        location:  [0.80815864 0.72897795 1.15698719]
        location:  [0.79878148 0.76864723 1.15662817]
        location:  [0.82433116 0.61971587 1.12637822]
        location:  [0.85066323 0.7172999  1.17310267]
        location:  [1.34095962 0.94012939 1.48156085]
        location:  [2.72469551 1.6968053  2.24341559]
        location:  [3.70774834 2.36256688 2.78864794]
        location:  [4.44852348 2.82656199 3.13452004]
        location:  [5.03299405 3.12111381 3.43163365]
        location:  [5.74460476 3.27383561 3.69469057]
        location:  [4.98913592 3.17004576 3.26621667]
        location:  [5.08192302 3.08946696 3.34114556]
        location:  [4.85882551 2.86930804 3.18244388]
        location:  [4.51838527 2.64515137 3.05018972]
        location:  [3.98370952 2.6163098  2.80250216]
        location:  [3.81534053 2.4239041  2.64636775]
        location:  [3.75058813 2.2049324  2.63208048]
        location:  [3.8064426  2.22175363 2.74048351]
