        location:  [ -7.11739464 -17.09470433   2.22642172]
        location:  [ -7.41277335 -16.90286337   1.95657264]
        location:  [ -7.47283361 -17.05227757   2.0855389 ]
        location:  [ -7.27223224 -17.10566256   2.04525252]
        location:  [ -7.15938572 -16.92616482   2.2295977 ]
        location:  [ -6.6943158  -16.69256667   2.34906415]
        location:  [ -6.54577546 -16.66755085   2.55512374]
        location:  [ -7.28627568 -16.84871599   2.22192119]
        location:  [ -7.51096251 -17.10819673   1.99591777]
        location:  [ -7.52988014 -16.90833854   1.99652737]
        location:  [ -7.75167355 -17.18719043   1.78304709]
        location:  [ -7.76140249 -17.19060839   1.60465358]
        location:  [ -7.38006293 -17.1984212    1.7571751 ]
        location:  [ -7.11971074 -16.91942606   1.73402097]
        location:  [ -7.16465315 -17.09331858   1.61854615]
        location:  [ -7.27684977 -17.20678966   1.55368855]
        location:  [ -7.13758087 -17.03375496   1.55976756]
        location:  [ -6.8518298  -17.03099367   1.53882543]
        location:  [ -7.05804429 -17.17959086   1.31990218]
        location:  [ -7.48895523 -17.33489561   1.0057318 ]
        location:  [ -7.70365431 -17.31356836   1.13223225]
        location:  [ -7.61064805 -17.2695842    1.07661031]
        location:  [ -7.44391604 -17.41035831   1.34574766]
        location:  [ -7.32555489 -17.11609833   1.5438723 ]
        location:  [ -7.05318532 -17.08831549   1.65539679]
        location:  [ -6.59497194 -16.71792508   2.07749353]
        location:  [ -6.96197029 -16.80186886   1.93596247]
        location:  [ -7.08311114 -17.02336224   1.90570527]
        location:  [ -7.56069285 -17.07367136   1.77304685]
        location:  [ -8.43703615 -17.45805786   1.15495846]
        location:  [ -9.60516569 -18.02517272   0.67609638]
        location:  [-10.55318473 -18.8545253    0.19799895]
        location:  [-11.18097605 -19.17591928  -0.03138378]
        location:  [-11.65489234 -19.65377984  -0.31050895]
        location:  [-12.09580333 -19.86971988  -0.63865399]
        location:  [-12.07969056 -19.76040611  -0.67557837]
        location:  [-11.8993456  -19.70787862  -0.58773868]
        location:  [-11.39100626 -19.65039597  -0.41003933]
        location:  [-11.14379932 -19.43569324  -0.23404996]
        location:  [-10.60412885 -19.14168221   0.17272048]
        location:  [-10.04350294 -18.64287702   0.32497888]
        location:  [ -9.69513156 -18.66536283   0.36424973]
        location:  [ -9.94956885 -18.71878714   0.21052809]
        location:  [ -9.74095722 -18.54570236   0.43309146]
        location:  [ -9.60175244 -18.31753032   0.4948596 ]
        location:  [ -8.78063136 -17.99762545   0.86674224]
        location:  [ -8.70879967 -17.97487864   1.00395384]
        location:  [ -8.66769723 -17.82650591   0.76917837]
        location:  [ -7.70076521 -17.38337378   1.08982675]
        location:  [ -7.04567105 -17.07001463   1.38340885]
        location:  [ -6.12846049 -16.49116514   1.86425992]
        location:  [ -6.07527899 -16.46816106   1.95929868]
        location:  [ -6.32743298 -16.64612681   1.63320861]
        location:  [ -7.34518739 -17.04316983   1.32783031]
        location:  [ -7.99682199 -17.46412714   1.06291117]
        location:  [ -7.93749182 -17.57408553   1.15666951]
        location:  [ -7.71689506 -17.30322877   1.12845074]
        location:  [ -7.52483138 -17.3000771    1.17525172]
        location:  [ -6.99022284 -17.13325187   1.44468143]
        location:  [ -7.38823257 -17.04625671   1.40245928]
        location:  [ -7.55728882 -17.53983919   1.42455595]
        location:  [ -7.63449253 -17.87942771   1.63628463]
        location:  [ -7.7195593  -18.19180183   1.66373681]
        location:  [ -8.43289999 -18.64738566   1.69972209]
        location:  [-10.02929169 -19.54852402   1.59748079]
        location:  [-12.14303485 -20.63653964   2.08320118]
        location:  [-13.92909949 -21.72348961   2.97354492]
        location:  [-15.64868059 -21.33131979   4.13315426]
        location:  [-18.5554012  -21.39460286   4.40842091]
        location:  [-21.54690717 -21.11040588   5.43083697]
        location:  [-24.79478194 -21.43097211   6.28698531]
        location:  [-28.24762432 -21.64597922   7.04353174]
        location:  [-32.98687217 -21.61289734   7.30603672]
        location:  [-37.50579099 -21.8359736    8.02327341]
        location:  [-43.20565071 -22.52449067   8.37645572]
        location:  [-48.19703892 -22.62831804   9.4598961 ]
        location:  [-53.04777755 -23.12320019  10.29767746]
        location:  [-58.75272786 -23.32676326  11.01684804]
        location:  [-65.00246322 -24.25718105  11.6137211 ]
        location:  [-70.77641672 -24.84517526  12.28910172]
        location:  [-77.23944494 -24.87872073  12.21594566]
        location:  [-83.45586264 -24.66959571  12.11588011]
        location:  [-89.39751533 -23.70709157  12.23459451]
        location:  [-95.61603907 -22.391282    12.53561392]
        location:  [-100.39148112  -19.9500654    13.25167278]
        location:  [-106.1712972   -17.4444768    12.82514188]
        location:  [-110.55939468  -14.2784779    12.7626095 ]
        location:  [-115.50077898  -10.84826087   12.51361867]
        location:  [-120.25307026   -7.25575061   12.32230961]
        location:  [-124.54694163   -2.69740119   11.90296685]
        location:  [-128.21398185    2.17315431   11.3842926 ]
        location:  [-131.44229645    7.0455728    11.18760054]
        location:  [-132.43847835   13.50557912   11.71536923]
        location:  [-135.0854491    19.52074448   11.40436052]
        location:  [-136.44083924   25.78573025   11.36763557]
        location:  [-137.28454997   31.99265573   11.57567517]
        location:  [-137.73216295   37.84233573   11.50049782]
        location:  [-137.60738327   44.04313995   10.84073771]
        location:  [-136.70158259   50.44027574   10.78808634]
        location:  [-135.58643399   56.79735946   10.92373516]
        location:  [-133.01662234   63.19336311   11.84706846]
        location:  [-130.36058401   69.7324451    12.11938851]
        location:  [-128.85175269   75.87526965   11.18415517]
        location:  [-124.62398213   82.74177033   11.45476329]
        location:  [-120.06539678   90.10459014   11.98804699]
        location:  [-114.73861389   96.82479502   12.28850644]
        location:  [-109.38797169  103.69652763   11.83877358]
        location:  [-102.70964477  111.62980858   12.29906362]
        location:  [-96.52832091 118.85610479  12.40266159]
        location:  [-90.4936765  125.70656961  12.03023407]
        location:  [-82.51100479 132.49688353  12.17888321]
        location:  [-66.62155829 143.34140275  10.85853227]
        location:  [-57.34315684 148.10356011  10.64979802]
        location:  [-49.01877067 152.26868982   9.51150152]
        location:  [-30.08376414 158.22621536   9.74240377]
        location:  [-20.1684103  159.93018772  10.37827453]
        location:  [  8.947109   160.41499736  11.59314803]
        location:  [ 18.80907805 159.66931462  11.42188899]
        location:  [ 27.86701626 157.59754609  10.8476092 ]
        location:  [ 37.53433189 155.97076797  11.35149362]
        location:  [ 46.84616263 153.60940643  11.59093366]
        location:  [ 55.11570694 150.22296642  11.04461727]
        location:  [ 63.27675761 146.67377923  10.9114985 ]
        location:  [ 71.76611558 143.06685211  11.11931542]
        location:  [ 79.07669015 139.0194701   10.85453489]
        location:  [ 86.50529081 134.44698104  10.93002741]
        location:  [ 93.46677553 129.52003389  10.87208524]
        location:  [ 99.79463882 123.95668635  10.95978288]
        location:  [106.24478066 117.56176796  10.95972404]
        location:  [113.20204817 110.33265979  12.00662073]
        location:  [119.1326038  101.87077824  12.45483913]
        location:  [124.79791095  92.36969711  12.61528304]
        location:  [130.3522693   82.52538613  12.75821388]
        location:  [135.65576789  71.57441613  13.36909916]
        location:  [140.66188825  60.11663622  14.06144797]
        location:  [145.50306249  48.68792261  14.70456742]
        location:  [149.7116378   36.67479017  14.98126478]
        location:  [152.39945776  23.93741199  14.67100649]
        location:  [153.85072993  10.53538661  14.05081562]
        location:  [154.86429903  -2.49435437  14.02429648]
        location:  [155.23492916 -15.4924623   14.22510894]
        location:  [155.71840509 -27.72514559  15.09408573]
        location:  [154.84022034 -40.6559417   15.83608061]
        location:  [152.19401989 -53.7837809   15.80725676]
        location:  [149.85416118 -66.452599    16.35390403]
        location:  [146.78174318 -78.90227249  16.92660658]
        location:  [143.64140575 -90.74438491  17.89073032]
        location:  [ 139.93486246 -102.19724281   18.88843435]
        location:  [ 135.05465048 -113.23935795   20.39749169]
        location:  [ 129.39678704 -124.03932205   22.05531693]
        location:  [ 123.83623223 -133.5176539    24.29127632]
        location:  [ 116.01137636 -143.42498264   25.8131345 ]
        location:  [ 108.4680234  -153.45223131   27.57027864]
        location:  [ 100.49103121 -162.16452432   29.65654123]
        location:  [  91.47922779 -170.75517717   31.59136528]
        location:  [  81.39826602 -180.08767352   33.05833267]
        location:  [  69.71427182 -189.44180831   34.2901821 ]
        location:  [  57.20507343 -198.92844664   35.43434808]
        location:  [-320.36873885 -179.22668363   72.06419617]
        location:  [-345.44734994 -151.77732303   64.09004098]
        location:  [-350.87968238 -145.9809338    62.09408261]
        location:  [-360.01073151 -139.77085266   61.94306052]
        location:  [-364.33679174 -135.74111204   69.89915585]
        location:  [-366.49782996 -135.76871342   70.75788606]
        location:  [-367.14779545 -135.7699839    71.95915895]
        location:  [-365.47582958 -134.83971208   73.61941572]
        location:  [-365.29083562 -134.50616456   73.51520378]
        location:  [-363.86810371 -133.32658481   72.8298444 ]
        location:  [-363.10979245 -132.09713232   70.87324313]
        location:  [-362.26098569 -130.9815553    68.96231527]
        location:  [-362.999297   -130.45951203   66.74370186]
        location:  [-363.31678596 -131.04123419   65.63254221]
        location:  [-363.34284208 -130.92309715   65.57137448]
        location:  [-364.07497475 -129.30608401   64.63212453]
        location:  [-363.26008462 -126.98170337   65.50919   ]
        location:  [-363.20057741 -125.10618262   66.0748904 ]
        location:  [-364.30124494 -123.16053752   66.06457631]
        location:  [-367.37692605 -120.82172103   65.10695484]
        location:  [-368.53127029 -116.84375698   65.20005304]
        location:  [-369.90123213 -111.73381115   66.12029589]
        location:  [-370.57861303 -106.02536429   68.35353785]
        location:  [-371.83946523  -99.20853969   70.1449044 ]
        location:  [-368.9695672   -79.07750969   72.48911472]
        location:  [-369.35674112  -65.38645333   74.81204257]
        location:  [-370.9705202   -51.24040562   77.31120406]
        location:  [-369.87991296  -35.84802872   80.53930767]
        location:  [-370.72701172  -19.53335905   83.08833931]
        location:  [-370.6440301    -3.01266236   87.24331094]
        location:  [-369.94229732   13.44813747   93.02541558]
        location:  [-366.42974855   30.77611127  100.59553343]
        location:  [-362.10119569   49.92955592  107.16982988]
        location:  [-357.36226035   70.83274934  113.37717116]
        location:  [-353.07313785   91.95513767  118.84383837]
        location:  [-347.61782691  112.60292166  123.66084862]
        location:  [-341.45017159  134.36809126  128.00002916]
        location:  [-335.63409089  156.67049979  130.6380425 ]
        location:  [-330.08999844  179.5455666   130.93786435]
        location:  [-323.12367892  202.50309696  130.10435675]
        location:  [-314.48707129  225.63146621  128.49265797]
        location:  [-305.48639945  248.42219718  126.77281144]
        location:  [-295.20249548  269.75165574  124.64299213]
        location:  [-282.73831581  289.70221148  122.24915314]
        location:  [-270.02722355  308.03975861  119.76064793]
        location:  [-256.68293105  323.5407778   117.89727419]
        location:  [-240.95306624  336.11851002  114.92747911]
        location:  [-223.84146998  347.74415706  111.01076317]
        location:  [-207.31660377  357.42461634  107.19229602]
        location:  [-188.95178621  363.8208577   104.59397748]
        location:  [-169.10754594  367.58685185  102.7568701 ]
        location:  [-149.17138497  369.01451842  100.52872417]
        location:  [-128.43648975  369.13314943   99.33052867]
        location:  [-108.84711577  367.32522857   97.6355054 ]
        location:  [-88.82391054 364.24432291  95.76856022]
        location:  [-68.69976483 360.12129776  94.14792459]
        location:  [-49.40826114 355.78566089  92.11571189]
        location:  [-30.13875929 349.78142014  89.60209513]
        location:  [-10.44058204 344.08837318  87.6881915 ]
        location:  [  7.70371038 337.27981713  85.65959211]
        location:  [ 25.03089982 329.14185626  83.76327561]
        location:  [ 42.45086481 320.25287024  82.10372996]
        location:  [ 58.98504582 310.35667187  79.88466034]
        location:  [ 75.30622274 299.65455876  77.84119166]
        location:  [ 90.66608135 287.46110331  76.77237509]
        location:  [105.18264824 274.67992275  75.71133903]
        location:  [119.14083598 261.25639577  74.37372987]
        location:  [131.66665732 247.17482488  72.73993484]
        location:  [144.0384017  232.40693388  71.47882441]
        location:  [155.19929345 217.39002793  69.98391397]
        location:  [165.07182054 201.75940521  68.69172278]
        location:  [173.77972964 185.82999703  67.55695343]
        location:  [180.87854008 169.37304827  66.83540575]
        location:  [186.72172616 152.76008022  65.79962317]
        location:  [190.90492837 136.18833929  64.72945666]
        location:  [194.50559372 119.14861855  64.29108101]
        location:  [197.1726544  102.37499952  63.51126626]
        location:  [199.21396997  85.70985035  63.33371856]
        location:  [200.5539572   69.57216927  63.60555511]
        location:  [202.01905516  53.65715703  63.8534013 ]
        location:  [203.0300218   37.63770249  64.10849595]
        location:  [203.83663576  21.36501604  64.29210471]
        location:  [204.85154879   5.21676949  65.06516972]
        location:  [205.30011915 -10.84131799  65.88018222]
        location:  [205.99324728 -26.70650771  66.88735626]
        location:  [205.41970886 -43.30673569  67.51519577]
        location:  [204.52327955 -60.2269521   67.70812051]
        location:  [203.07710572 -77.38684885  68.10073515]
        location:  [200.87513354 -95.38717057  68.44971974]
        location:  [ 198.06706527 -113.64000139   68.7130397 ]
        location:  [ 194.47513485 -132.78910132   69.40927143]
        location:  [ 190.8913897  -152.52634265   70.05252257]
        location:  [ 186.90832356 -172.39786667   70.76281874]
        location:  [ 182.55847427 -193.13300659   71.56406555]
        location:  [ 178.07930133 -213.72705864   72.68093385]
        location:  [ 173.29463482 -233.6691846    73.67625981]
        location:  [ 168.28972653 -252.47971508   74.42032323]
        location:  [ 163.55067058 -270.07888574   74.68655381]
        location:  [ 157.30296493 -287.06444302   74.08285857]
        location:  [ 150.93237586 -303.35969789   74.15741677]
        location:  [ 143.14618814 -318.46035735   74.74589548]
        location:  [ 134.60385455 -332.12213915   75.7191209 ]
        location:  [ 115.39930783 -354.73304062   77.4372034 ]
        location:  [  95.18631624 -375.30265731   78.45653965]
        location:  [  55.94026991 -402.69852859   87.91300902]
        location:  [  28.93566708 -416.08166431   91.68746748]
        location:  [  12.99098932 -421.29360365   94.97421287]
        location:  [-103.63131377 -444.75235192  118.61299893]
        location:  [-217.30040589 -464.8979514   126.76757818]
        location:  [-637.84371133  270.06840665  170.35160387]
        location:  [-632.54892411  289.00685313  168.50818739]
        location:  [-113.48976222  587.20405755  152.77413239]
        location:  [-13.23029553 568.58519592 153.65913543]
        location:  [ 37.18748732 561.49243172 152.96483958]
        location:  [ 62.39217539 558.28898036 152.10909219]
        location:  [ 88.23163378 555.40169805 150.80466078]
        location:  [138.96872315 549.8623244  150.60549066]
        location:  [160.59513115 544.4095425  150.32460124]
        location:  [183.35050621 537.48228412 149.07062072]
        location:  [224.62297252 518.19055512 149.16224906]
        location:  [261.23215278 487.26028145 147.77943934]
        location:  [280.21737118 469.17658495 147.84273427]
        location:  [297.67314577 448.4642418  149.41328269]
        location:  [341.05044669 372.65267642 157.53488696]
        location:  [352.58255032 345.05570458 161.16563064]
        location:  [362.06089563 317.04833967 164.08105385]
        location:  [382.99671443 264.91104655 167.88723166]
        location:  [391.54644713 239.70297236 169.40315178]
        location:  [399.39224606 213.44574567 170.56107913]
        location:  [405.78259297 186.26746763 171.94254207]
        location:  [410.8364588  159.10874358 172.05456517]
        location:  [415.59168264 131.69360298 171.57839263]
        location:  [420.71314284 105.07414507 172.150194  ]
        location:  [425.37883152  80.63357608 173.18475249]
        location:  [429.77905443  56.03666299 174.30060526]
        location:  [432.83896981  29.94268728 175.48340374]
        location:  [434.55865988   3.0458724  177.17577526]
        location:  [435.41749486 -23.78884312 179.14943791]
        location:  [435.59573292 -49.31243574 181.15795248]
        location:  [434.15981985 -74.45158438 183.0175529 ]
        location:  [ 431.12588347 -100.37518278  184.13384547]
        location:  [ 428.09737763 -125.60132782  185.10828046]
        location:  [ 425.33590044 -150.12517142  187.44287075]
        location:  [ 421.25353802 -174.72743961  190.37112031]
        location:  [ 415.97219694 -199.3542411   193.12905341]
        location:  [ 410.5099509  -223.3326784   195.16646486]
        location:  [ 404.83202281 -247.31903587  197.45091049]
        location:  [ 398.23648638 -270.29031082  199.58098017]
        location:  [ 391.31133248 -293.14574816  201.43538433]
        location:  [ 383.80088359 -315.79104151  203.34716862]
        location:  [ 375.6257013  -338.23847123  205.19548248]
        location:  [ 367.45590709 -359.56300818  207.31441909]
        location:  [ 359.25493973 -379.16178773  209.02244219]
        location:  [ 350.99079182 -397.71716566  210.92837038]
        location:  [ 341.45865241 -414.93164714  212.36166901]
        location:  [ 331.29761175 -430.89300219  212.99290366]
        location:  [ 321.29519033 -445.16321594  212.95239054]
        location:  [ 310.8453269  -458.17491659  211.95535883]
        location:  [ 300.69784116 -469.7950963   210.98558048]
        location:  [ 290.18492179 -480.24506006  209.52255642]
        location:  [ 279.09758264 -489.88913165  208.72894269]
        location:  [ 266.31506592 -498.86185784  207.01339154]
        location:  [ 253.43864386 -506.99038502  205.44930309]
        location:  [ 240.19624795 -514.3825991   204.32457868]
        location:  [ 226.72204193 -520.69863279  203.87664116]
        location:  [ 211.98780044 -526.26716923  203.95038793]
        location:  [ 195.43991178 -531.20841748  203.29773921]
        location:  [ 178.320261   -535.54300025  202.8087059 ]
        location:  [ 160.78876586 -539.11521318  201.95411012]
        location:  [ 144.26069227 -541.05260815  200.56386565]
        location:  [ 127.91414494 -542.07728049  198.15353791]
        location:  [ 113.27559729 -541.25334361  198.90148043]
        location:  [  96.0106623  -539.01855087  200.84464644]
        location:  [  73.25483375 -538.54147506  199.46236062]
        location:  [  51.53431744 -538.90236002  198.10722396]
        location:  [  29.75414952 -537.8803905   197.41996435]
        location:  [   8.36906349 -535.89173026  198.13502724]
        location:  [ -13.66162268 -534.07956024  198.51288926]
        location:  [ -59.32195077 -530.85998471  199.12524376]
        location:  [ -82.91997011 -529.13758331  200.38530135]
        location:  [-131.66110887 -527.02848047  202.718145  ]
        location:  [ 54.35064996 535.56402593 426.15140158]
        location:  [158.08327077 478.67215248 420.26123731]
        location:  [177.38692092 462.15598254 417.05595055]
        location:  [196.0520593  444.24834837 413.96092663]
        location:  [213.91036781 424.37338247 412.2164479 ]
        location:  [230.35229118 402.32701965 410.45252157]
        location:  [262.71624184 353.40561058 408.53562569]
        location:  [276.91484495 326.94056712 409.09380042]
        location:  [289.12450407 298.3844397  410.54760069]
        location:  [299.93991564 268.35303834 412.66253683]
        location:  [ -25.00594043 -112.31862183  322.57746061]
        location:  [-70.9476651  -92.61883806 250.03377243]
        location:  [-76.25060512 -88.42608916 236.54398855]
        location:  [-78.11955804 -64.81406059 162.32306055]
        location:  [-73.07326049 -61.2899045  151.10384661]
        location:  [-68.25966438 -56.78493269 142.4250494 ]
        location:  [-65.69772799 -52.02667536 133.50694543]
        location:  [-63.07155193 -49.54817653 123.02639931]
        location:  [-59.40906936 -49.86788511 111.44606618]
        location:  [-54.80856538 -49.82382594 100.69371478]
        location:  [-50.35693309 -48.21008295  90.14261759]
        location:  [-46.00803626 -43.95950423  79.69415933]
        location:  [-43.45274193 -38.78409346  69.65595525]
        location:  [-43.05928351 -35.57019794  60.26351057]
        location:  [-41.74758676 -34.23028822  51.05452549]
        location:  [-38.19968298 -33.00901012  42.64077797]
        location:  [-34.26906389 -31.29321546  35.17006159]
        location:  [-30.99802905 -28.0730606   29.54063563]
        location:  [-26.69767855 -23.61626008  24.11265109]
        location:  [-22.11898509 -22.00873232  19.99713313]
        location:  [-21.5331019  -22.58584786  16.2107233 ]
        location:  [-20.47031987 -21.95351737  11.99441831]
        location:  [-19.43462864 -20.69225626   9.78005358]
        location:  [-18.80398099 -19.89471517   9.51701444]
        location:  [-18.30871452 -19.72603452   9.03769911]
        location:  [-16.81303839 -19.26692785   6.76761661]
        location:  [-15.28374385 -18.75601975   6.54821506]
        location:  [-14.83730557 -17.80264178   5.87592235]
        location:  [-13.98048453 -17.70640587   5.91553407]
        location:  [-14.23700782 -17.94836025   5.06321766]
        location:  [-14.44479511 -18.01015539   4.51722326]
        location:  [-15.06969088 -17.95586339   3.70497693]
        location:  [-16.38185526 -17.50736077   2.88275341]
        location:  [-16.79695715 -17.53881523   2.49505229]
        location:  [-17.15385443 -17.74243054   2.17417132]
        location:  [-16.90221087 -18.01156512   2.44788143]
        location:  [-17.30405859 -18.90806398   1.93820285]
        location:  [-17.95463242 -20.08974581   1.82112584]
        location:  [-18.0452433  -21.29853335   1.73334328]
        location:  [-17.90990149 -21.47389697   1.86789736]
        location:  [-17.8417971  -21.39696958   1.75341194]
        location:  [-17.63276541 -21.37814864   1.77705772]
        location:  [-16.67374969 -20.85376266   1.73023839]
        location:  [-15.93164692 -20.62050325   1.70679481]
        location:  [-15.32210841 -20.54593855   1.67677494]
        location:  [-14.81858384 -19.88565722   1.65539671]
        location:  [-14.20894285 -19.30511565   1.71044832]
        location:  [-13.84904592 -19.0630377    1.97601382]
        location:  [-14.09229613 -18.82653082   2.11553447]
        location:  [-14.12488422 -19.06519477   2.03147758]
        location:  [-13.50313151 -18.54073961   2.2638896 ]
        location:  [-11.59068097 -17.02254179   2.1599365 ]
        location:  [-10.81683372 -16.34373153   1.99659463]
        location:  [-10.52289473 -16.00980341   2.11872664]
        location:  [-11.11985443 -16.2332094    1.84922122]
        location:  [-11.17468394 -16.43905925   1.64770954]
        location:  [-11.78061689 -16.52570995   1.39729581]
        location:  [-11.72669633 -16.64446008   1.42137527]
        location:  [-11.78872189 -16.65444669   1.57838049]
        location:  [-11.76538538 -16.78979902   1.76374342]
        location:  [-11.54376554 -16.63007644   1.77045957]
        location:  [-11.38481512 -16.45190994   1.8410965 ]
        location:  [-10.94680111 -16.23928097   1.98764617]
        location:  [-10.86711582 -16.2264248    1.94529601]
        location:  [-10.79640401 -16.07532558   1.89083061]
        location:  [-11.13146067 -16.02540774   1.7441229 ]
        location:  [-10.8992596  -16.24182404   1.88638981]
        location:  [-10.55918544 -16.12253949   1.96578324]
        location:  [-10.87079965 -16.2189029    1.82680899]
        location:  [-10.7316784  -16.19015435   1.97985607]
        location:  [-10.64385443 -16.10085786   2.07714484]
        location:  [-10.4582055  -15.96532526   2.1455751 ]
        location:  [-10.7025135  -16.04600822   2.23134177]
        location:  [-10.4329957  -15.95330498   2.40467657]
        location:  [-10.76409969 -15.84009859   2.19350364]
        location:  [-10.48626062 -15.95309489   2.29049274]
        location:  [-10.6187524  -15.96707736   2.25010309]
        location:  [-10.48405829 -16.00878321   2.15409302]
        location:  [-10.68514915 -16.05252413   2.23031376]
        location:  [-10.80860125 -15.93132985   2.09392892]
        location:  [-10.65200767 -16.06169098   1.99702577]
        location:  [-10.82391693 -16.13634617   1.88610078]
        location:  [-10.27462603 -15.96247961   2.23309064]
        location:  [-10.50444132 -15.8647501    2.19088902]
        location:  [-10.64199893 -15.85623676   2.11521697]
        location:  [-10.59573654 -15.99527505   2.2126092 ]
        location:  [-10.86072216 -16.08992658   1.97166932]
        location:  [-10.8734645  -16.28839339   2.13235557]
        location:  [-10.93714071 -16.22983758   2.02047672]
        location:  [-11.06440515 -16.30943724   1.97169317]
        location:  [-11.54047748 -16.36734948   1.51937248]
        location:  [-11.69216759 -16.46896545   1.49327689]
        location:  [-11.73358018 -16.57125086   1.59517027]
        location:  [-12.00721918 -16.8595176    1.57247869]
        location:  [-12.26992802 -16.89663643   1.45266204]
        location:  [-12.39508919 -16.83567462   1.39468919]
        location:  [-11.92567916 -16.78444143   1.69284572]
        location:  [-11.77565249 -16.67041244   1.76978026]
        location:  [-11.81020585 -16.50194297   1.70878915]
        location:  [-11.50370119 -16.40502288   1.75812258]
        location:  [-11.15665701 -16.35882307   2.10153809]
        location:  [-11.13285806 -16.30948738   2.05915004]
        location:  [-11.1571015  -16.33605467   1.85203124]
        location:  [-11.39080389 -16.30052682   1.80115729]
        location:  [-11.41629556 -16.45907645   1.58480867]
        location:  [-11.44897994 -16.49606808   1.60692555]
        location:  [-11.55838687 -16.62165053   1.4724021 ]
        location:  [-11.68777977 -16.54957534   1.55557986]
        location:  [-11.69663578 -16.50813784   1.71491452]
        location:  [-11.27184233 -16.53675854   1.925554  ]
        location:  [-11.4202924  -16.30370654   1.82967478]
        location:  [-11.50867062 -16.52768372   1.78603608]
        location:  [-11.63288634 -16.66839354   1.67484835]
        location:  [-11.9116085  -16.69471794   1.4013777 ]
        location:  [-11.82461522 -16.86745706   1.38714285]
        location:  [-11.73137543 -16.7728803    1.29285738]
        location:  [-11.81866139 -16.71341373   1.1427997 ]
        location:  [-11.54909193 -16.75935657   1.27583692]
        location:  [-11.4247035  -16.5701574    1.15080504]
        location:  [-11.3935913  -16.64863433   1.31697905]
        location:  [-10.91076221 -16.33572359   1.54324815]
        location:  [-10.54293086 -16.12085354   1.92155301]
        location:  [-10.51502227 -16.1835868    1.81496951]
        location:  [-10.3977754  -16.13134057   1.87092474]
        location:  [-10.41351938 -16.0299026    1.69186705]
        location:  [-10.59727105 -16.1269242    1.76437434]
        location:  [-10.70968601 -16.00383524   1.93305557]
        location:  [-10.33541947 -16.0044783    2.27476984]
        location:  [-10.56688572 -15.95447094   2.11310623]
        location:  [-10.40507734 -15.88639898   2.22191284]
        location:  [-10.35346766 -15.96817375   2.15155148]
        location:  [-10.45765248 -15.9358645    2.07449069]
        location:  [-10.39729033 -15.95023507   2.25876795]
        location:  [-10.29493858 -15.80388963   2.44972797]
        location:  [-10.31548168 -15.79208692   2.53041659]
        location:  [-10.62035423 -15.91015499   2.45025384]
        location:  [-11.09983646 -16.17766458   2.10599704]
        location:  [-11.24483612 -16.20394509   2.06069385]
        location:  [-11.30805289 -16.19765528   1.88323052]
        location:  [-11.09334332 -16.22324398   2.00608538]
        location:  [-10.98416274 -16.17859559   1.97926015]
        location:  [-10.97659968 -16.14775748   1.94797999]
        location:  [-10.94053013 -16.1482354    1.9800926 ]
        location:  [-11.32181963 -16.21330945   1.86621644]
        location:  [-11.3607617  -16.49987497   1.83466175]
        location:  [-11.70270121 -16.67182841   1.75018748]
        location:  [-11.7400454  -16.61638293   1.72076596]
        location:  [-12.08995347 -16.77680494   1.53351914]
        location:  [-11.80629283 -16.72770832   1.78264601]
        location:  [-11.7721847  -16.61124982   1.6105311 ]
        location:  [-11.97531011 -16.63108365   1.65500887]
        location:  [-11.66930472 -16.55157206   1.87977179]
        location:  [-11.93565459 -16.66638148   1.73029254]
        location:  [-11.98737971 -16.83715713   1.55517492]
        location:  [-11.79412505 -16.52256585   1.61139536]
        location:  [-11.2667213  -16.42417189   2.04244668]
        location:  [-11.07233782 -16.08012891   2.16467407]
        location:  [-11.25499346 -16.29225949   2.06411182]
        location:  [-10.95227263 -16.17324201   2.13141773]
        location:  [-10.87374877 -16.21668592   2.22002356]
        location:  [-11.01344545 -16.10615181   2.14800194]
        location:  [-11.05575066 -16.20416738   1.81132785]
        location:  [-11.29405127 -16.16780989   1.90134545]
        location:  [-10.71857564 -16.12746397   2.04126451]
        location:  [-10.66860067 -16.12562412   1.97405766]
        location:  [-11.50182747 -16.44303227   1.44449382]
        location:  [-11.7206151  -16.66224629   1.4374412 ]
        location:  [-11.55940275 -16.70706587   1.42391541]
        location:  [-11.18286568 -16.39048028   1.6829939 ]
        location:  [-10.75583544 -16.10110187   1.83232254]
        location:  [-10.28576113 -15.91172126   2.22387687]
        location:  [-10.57247745 -15.96819395   2.022348  ]
        location:  [-10.62477172 -15.88832879   2.23775002]
        location:  [-11.00776738 -16.01524673   2.00336372]
        location:  [-11.00617525 -16.27180048   1.8958587 ]
        location:  [-10.83877581 -16.29420053   1.91130845]
        location:  [-11.27761317 -16.27481542   1.57980887]
        location:  [-11.06525132 -16.3854645    1.60093958]
        location:  [-11.30347024 -16.2730383    1.52881935]
        location:  [-10.74600879 -16.26348008   1.68763269]
        location:  [-10.52135214 -16.10281973   2.00009506]
        location:  [-10.60249564 -15.89456749   2.02271108]
        location:  [-10.25168872 -15.91572918   2.1067878 ]
        location:  [-10.19286768 -15.93346007   2.27882383]
        location:  [-10.24259969 -15.69670722   2.33960228]
        location:  [-10.50932632 -15.93952734   2.19151821]
        location:  [-10.76176635 -15.91242348   2.16072921]
        location:  [-10.64582208 -15.89047743   2.35936427]
        location:  [-10.70178444 -16.03538862   2.41056965]
        location:  [-10.43138724 -15.92615278   2.5754433 ]
        location:  [-10.33951704 -15.88572325   2.46549346]
        location:  [-10.52256212 -15.97425465   2.38287864]
        location:  [-10.72465927 -15.89616633   2.27784786]
        location:  [-10.5660627  -15.97902484   2.2584843 ]
        location:  [-10.56794065 -15.92532712   2.19744455]
        location:  [-10.54693253 -15.94876212   2.19944327]
        location:  [-11.16847767 -16.34274474   1.6611469 ]
        location:  [-11.49496346 -16.55686603   1.56023774]
        location:  [-11.72418933 -16.70680007   1.29520686]
        location:  [-12.00339291 -16.78185029   1.16425468]
        location:  [-12.07015574 -16.93579565   1.22299855]
        location:  [-11.9809258  -16.9287365    1.28573037]
        location:  [-12.04156609 -16.78820739   1.20288365]
        location:  [-11.61368677 -16.72406164   1.52694302]
        location:  [-11.57649679 -16.67694168   1.54154043]
        location:  [-11.56608522 -16.54467767   1.50991305]
        location:  [-11.52756874 -16.41303934   1.73996821]
        location:  [-11.66886657 -16.49805655   1.62271274]
        location:  [-11.446243   -16.50985573   1.68253852]
        location:  [-11.1286369  -16.36362048   1.83092982]
        location:  [-11.16085612 -16.3530025    1.78383213]
        location:  [-11.21534433 -16.4185251    1.68512797]
        location:  [-11.27216594 -16.2466412    1.7136131 ]
        location:  [-11.02405228 -16.26349444   2.00089983]
        location:  [-10.9372602  -16.32053696   2.04605469]
        location:  [-11.41326873 -16.21007082   1.9060299 ]
        location:  [-11.29697162 -16.36147158   1.86507143]
        location:  [-11.61709109 -16.56106361   1.78330152]
        location:  [-11.44227267 -16.56418633   1.7985511 ]
        location:  [-11.66427557 -16.66616841   1.53406329]
        location:  [-11.20896653 -16.56072329   1.79862771]
        location:  [-11.26524372 -16.33380833   1.63234126]
        location:  [-11.19119937 -16.26382626   1.75377828]
        location:  [-10.92064096 -16.21179776   1.87400945]
        location:  [-10.80747875 -16.1552523    1.98786761]
        location:  [-10.88909586 -16.06126252   1.91950178]
        location:  [-11.01316587 -16.25809452   1.69029458]
        location:  [-10.79143669 -16.23115338   2.04343413]
        location:  [-10.92672204 -16.24186484   1.88531978]
        location:  [-10.94147081 -16.30487275   1.97929992]
        location:  [-10.9821525  -16.34532917   2.01306572]
        location:  [-11.07275777 -16.21406992   2.00954111]
        location:  [-11.0533656  -16.12895217   2.09992048]
        location:  [-10.96017592 -16.11049209   2.16782703]
        location:  [-10.4219257  -15.96036372   2.29220425]
        location:  [-10.2196077 -15.7852217   2.5272462]
        location:  [-10.23061537 -15.65799497   2.49154974]
        location:  [-10.31394295 -15.74237038   2.40984895]
        location:  [-10.44063667 -15.96750251   2.33236651]
        location:  [-10.18182909 -15.80354403   2.44545435]
        location:  [-10.28241531 -15.89804553   2.46838426]
        location:  [-10.35335502 -15.67078816   2.29530859]
        location:  [-10.29400486 -15.85178776   2.13452688]
        location:  [-10.56233729 -15.98086538   2.09584848]
        location:  [-10.50978648 -15.98668066   1.95850813]
        location:  [-10.55140501 -15.92452984   1.88235899]
        location:  [-10.46334891 -16.11522121   2.09811416]
        location:  [-10.87048399 -16.09324067   1.79310311]
        location:  [-11.54492688 -16.4815545    1.39194002]
        location:  [-11.75782525 -16.71770843   1.23402439]
        location:  [-11.87721825 -16.78665173   1.43567428]
        location:  [-12.0015615  -16.82113114   1.26843989]
        location:  [-12.1030412  -16.75034065   1.38421336]
        location:  [-12.28267441 -16.93253388   1.33115208]
        location:  [-12.44684034 -17.08676266   1.28736626]
        location:  [-12.37701412 -17.13886556   1.27152053]
        location:  [-12.71104098 -17.23386053   1.11772141]
        location:  [-12.4627063  -16.90515667   1.38487774]
        location:  [-12.05365151 -16.88679877   1.798381  ]
        location:  [-11.98382886 -16.5654036    1.72208188]
        location:  [-11.50270859 -16.38411094   1.93754705]
        location:  [-10.80048038 -16.11323747   2.1759709 ]
        location:  [-11.06780787 -16.18192308   2.10067239]
        location:  [-10.90415469 -15.97080816   2.09559457]
        location:  [-10.77806918 -15.86468627   2.196447  ]
        location:  [-10.22233497 -15.86364176   2.41517527]
        location:  [-10.12452413 -15.65810504   2.28084063]
        location:  [-10.09490729 -15.5393761    2.31191774]
        location:  [ -9.89275572 -15.43574183   2.50119261]
        location:  [ -9.59902586 -15.61722503   2.57151745]
        location:  [ -9.40198855 -15.37051658   2.66934979]
        location:  [ -9.80121027 -15.54562296   2.38195198]
        location:  [-10.31905537 -15.73096122   2.06028705]
        location:  [-10.75167497 -16.1116994    1.78340061]
        location:  [-10.29820452 -16.11406616   1.85154187]
        location:  [-10.35304063 -16.03705548   1.65727278]
        location:  [-10.55990837 -16.18760791   1.77278122]
        location:  [-10.95919413 -16.06684125   1.66019192]
        location:  [-11.23846675 -16.51646609   1.62093202]
        location:  [-11.20580415 -16.50394911   1.64916604]
        location:  [-11.23891558 -16.52298941   1.53622501]
        location:  [-11.35114925 -16.49153446   1.45966079]
        location:  [-11.40562102 -16.6388622    1.3665185 ]
        location:  [-11.17499969 -16.46635878   1.57227854]
        location:  [-11.2229894  -16.49790662   1.51475523]
        location:  [-11.06498184 -16.35836572   1.53964742]
        location:  [-11.15526001 -16.3169929    1.4897919 ]
        location:  [-11.32212824 -16.47345103   1.60949959]
        location:  [-11.13120628 -16.3758613    1.74356476]
        location:  [-11.01847492 -16.29873187   1.75456371]
        location:  [-11.04870359 -16.30794733   1.83371651]
        location:  [-10.95429935 -16.21438042   2.0015424 ]
        location:  [-11.0393821  -16.19093183   2.21699968]
        location:  [-10.89991129 -16.18909211   2.08735826]
        location:  [-11.19008039 -16.3118101    1.91971117]
        location:  [-10.94720385 -16.33849892   1.73090305]
        location:  [-10.91888578 -16.1349847    1.69205512]
        location:  [-10.17892313 -16.02794128   1.81863187]
        location:  [-10.71598287 -16.14732064   1.68681184]
        location:  [-10.59184795 -16.15514398   1.64333424]
        location:  [-10.76461135 -16.17750782   1.59769517]
        location:  [-11.00997363 -16.30339895   1.69114283]
        location:  [-11.2809244  -16.42231604   1.75486317]
        location:  [-11.52414682 -16.47958949   1.61458854]
        location:  [-11.53262494 -16.47907744   1.58364293]
        location:  [-11.19266098 -16.32449597   1.69679003]
        location:  [-10.86975923 -16.27101588   1.89830425]
        location:  [-11.22191129 -16.1857902    1.89026541]
        location:  [-11.10947133 -16.19279058   1.91660678]
        location:  [-11.25770657 -16.320236     1.91350411]
        location:  [-11.44138594 -16.41623783   1.91281425]
        location:  [-11.35193673 -16.43569874   1.82830131]
        location:  [-11.28740111 -16.19964982   2.05350125]
        location:  [-11.46250169 -16.2861075    1.99038803]
        location:  [-11.47852551 -16.46335675   1.89826546]
        location:  [-11.32078084 -16.33014511   1.97523407]
        location:  [-10.84101226 -16.14955833   2.30419152]
        location:  [ -9.44499233 -15.3031557    2.99969216]
        location:  [ -8.43194036 -14.66993001   3.60204439]
        location:  [ -7.73505389 -14.00471972   3.97480336]
        location:  [ -7.05789136 -13.84854524   4.27300661]
        location:  [ -6.63119671 -13.73690845   4.41154906]
        location:  [ -7.14175352 -13.8455154    4.15407456]
        location:  [ -7.22052957 -13.98309563   4.11659679]
        location:  [ -7.33840393 -14.08033561   3.93215002]
        location:  [ -7.76466055 -14.3503457    3.78378272]
        location:  [ -8.242078   -14.41453278   3.60877645]
        location:  [ -8.65613925 -14.66394728   3.30996397]
        location:  [ -8.41005837 -14.7678135    3.4858978 ]
        location:  [ -8.3980719  -14.78524349   3.51977968]
