 0.06063175  0.78721782 -0.22472614
0.31753494 1.08361877 0.03715987
0.60347272 1.11248982 0.05861637
 0.63442348  1.2491638  -0.02844155
 0.5622913   1.22280824 -0.06946438
 0.8093542   1.31614567 -0.03842219
1.12053991 1.41248857 0.02192548
1.32238555 1.51343514 0.10208961
1.25504579e+00 1.71271606e+00 1.37343374e-03
1.56337271 1.82759819 0.37179985
1.45988823 1.65932698 0.41964993
1.10047074 1.46301322 0.36928042
0.62610378 1.35501699 0.20987515
0.31303893 0.98865794 0.11112333
 0.03049238  0.78125573 -0.07933021
-0.86349167  0.27103597 -0.42159488
-1.29481738 -0.13288968 -0.97675502
-0.70116811  0.3177147  -0.67619779
-0.10838971  0.62217249 -0.33640818
 0.04776291  0.87224352 -0.30782843
-0.04663692  0.77208346 -0.43174774
 0.25054941  0.82532547 -0.54729119
 0.46392534  0.83093772 -0.68702423
 0.02134243  0.67923098 -1.0220997 
-0.09503306  0.6301867  -0.84132059
-0.22060316  0.53165113 -0.79204428
 0.0403482   0.66726954 -0.54512028
 0.27434396  0.91877693 -0.25872745
 0.43914644  1.07802064 -0.12608828
0.50006828 1.07012418 0.03707936
 0.23637517  0.97825683 -0.02587548
-0.46659106  0.56130029 -0.46351839
-0.8455022   0.2340491  -0.67546579
-0.80128769  0.10914709 -0.64440644
-0.70584118  0.21815376 -0.61927252
-0.57527628  0.44024685 -0.5261711 
-0.29435145  0.66258665 -0.45687253
 0.10710464  0.90575027 -0.18853767
 0.14862596  0.9406536  -0.01421724
-0.37583084  0.56520764 -0.44604581
-0.73601085  0.36172596 -0.58787261
-1.13793869  0.26463934 -0.56468795
-1.18493973  0.00178552 -0.73107349
-1.40561848  0.06697004 -0.43867609
-1.47486189  0.02141543 -0.39576614
-1.22512852 -0.03645148 -0.25714044
-1.6551822  -0.02804888 -0.65170193
-1.61786313 -0.22313211 -0.82861031
-1.53681128 -0.15017981 -0.71129655
-1.27725963  0.01236954 -0.60685977
-1.00683052  0.1931379  -0.57480455
-0.76468633  0.36201814 -0.55043722
-0.31258046  0.68462022 -0.23699218
 0.12825751  0.99368967 -0.09712506
0.75421158 1.26641006 0.20070622
1.0558055  1.45698267 0.4114376 
1.28534043 1.59774119 0.42777   
1.2955334  1.78581791 0.49364839
1.33417083 1.69490854 0.47333017
0.96116389 1.46955505 0.34396478
0.67419544 1.31663438 0.24489142
0.6902992  1.16094513 0.06522924
 0.28441602  1.09029958 -0.05724228
 0.18331609  0.75313104 -0.31807779
-0.45381045  0.57396308 -0.75379305
-0.62234346  0.28666601 -0.89105233
-0.52773858  0.25780853 -0.75260997
-0.51422694  0.28862414 -0.64510354
-0.37086921  0.50721207 -0.46280491
-0.04663109  0.75621058 -0.31511761
 0.02905343  0.77778962 -0.42261709
-0.12868813  0.66968742 -0.48387428
-0.30592765  0.47848083 -0.3979096 
-0.73037272  0.31348011 -0.45797273
-0.7400118   0.25459306 -0.55896016
-0.44759371  0.36143718 -0.4329458 
-0.13054192  0.70574842 -0.52587347
-0.04439128  0.73663447 -0.47525721
 0.07030281  0.80529001 -0.45186543
 0.16166472  0.95489573 -0.34236873
-0.06361342  0.78556906 -0.48517794
-0.24209495  0.59677014 -0.30278437
-0.43503268  0.54869237 -0.32588702
-0.43612286  0.42059112 -0.30826112
-0.6207219   0.4235277  -0.28218033
-1.00129457  0.14187014 -0.69817033
-1.22862067 -0.04145584 -0.80532562
-1.4064989  -0.2171265  -0.94675489
-1.38464403 -0.12471581 -0.90461509
-1.37594736 -0.06436423 -0.75455484
-0.85655041  0.33972118 -0.50503542
-0.33871163  0.50686121 -0.36715569
-0.39901197  0.49534488 -0.66850682
 0.06841133  0.69408397 -0.30569737
 0.1263368   0.85839166 -0.21675308
0.53440835 1.19227528 0.09486043
0.80361065 1.38672303 0.26683765
0.81576488 1.4043036  0.32453742
0.56145883 1.21999788 0.13955536
 0.15364958  0.89132226 -0.04263677
-0.20527608  0.67471324 -0.34335762
-0.4444867   0.34422593 -0.40807782
-0.76136877  0.3169462  -0.58554874
-0.77750416  0.33137017 -0.54719171
-0.69041506  0.37501886 -0.49272618
-0.57378557  0.42101795 -0.55342742
-0.67236611  0.1940202  -0.56794388
-0.81795831  0.12153745 -0.61386838
-0.88437294  0.01926363 -0.84786279
-0.92782082  0.13107235 -0.97147504
-0.75053075  0.19500001 -1.01458508
-0.62384459  0.29959371 -0.9093162 
-0.60785472  0.13661051 -0.7860431 
-0.70085589  0.32001772 -0.93134778
-0.18229768  0.59484458 -0.51344781
 0.19830535  0.89608469 -0.30939061
 0.40407516  1.1168218  -0.16720462
 0.60926101  1.20269062 -0.05452791
 0.28111147  1.13219667 -0.14386732
 0.36639998  1.03704448 -0.06800393
 0.08001551  0.86228389 -0.24802127
-0.34282677  0.67344848 -0.41894794
-0.38952435  0.54387438 -0.38638181
-0.76576806  0.50340989 -0.4533575 
-0.61740084  0.40866302 -0.31437847
-0.38986897  0.56307867 -0.31477503
0.06734033 0.85179595 0.11635812
0.3458086  1.24647569 0.09075239
0.61504538 1.14848934 0.20684967
0.40600364 0.96717894 0.16658306
0.10936869 0.89045526 0.12901699
-0.27168355  0.73511476 -0.1586102 
-0.10492574  0.74362436 -0.0480877 
0.51575435 1.08889968 0.25447214
0.50009506 1.37124263 0.08129486
0.83930037 1.33155434 0.42288253
0.85327527 1.37158541 0.43332481
0.69741424 1.38185443 0.25233065
0.7541752  1.41113423 0.20107316
0.61441094 1.14912679 0.0771115 
 0.5180072   1.21015997 -0.00787496
 0.51202081  1.1147591  -0.02409891
 0.6460594   1.29475341 -0.04221676
 0.57855083  1.20115071 -0.00284392
0.87128178 1.47559149 0.14397341
0.94834066 1.30696526 0.30648082
1.01851265 1.3671551  0.23137215
 0.54133695  1.25179348 -0.02252247
 0.22655265  0.9104242  -0.29223389
 0.36215169  0.93341406 -0.18018371
 0.34865253  0.92257729 -0.43294968
 0.2462769   0.87309857 -0.43663185
-0.15200916  0.60221497 -0.56555037
-0.29377025  0.49778978 -0.5096508 
-0.39023596  0.55236782 -0.50885078
-0.47803709  0.66346692 -0.59216614
-0.70152537  0.34009084 -0.48280071
-0.91346027  0.17468171 -0.46398134
-1.47194709 -0.0387631  -0.72973107
-1.47809047 -0.13975517 -0.81061444
-1.11143394e+00  3.04746057e-04 -9.03737387e-01
-0.72415661  0.24282604 -0.71940879
-0.51794222  0.31956714 -0.4650413 
-0.94678861  0.18210187 -0.7756549 
-1.35221566 -0.16487773 -0.84756007
-1.40754537 -0.0598062  -0.96633077
-1.24442447 -0.02247423 -0.74980883
-1.05807963  0.10875393 -0.68294426
-1.03120913  0.12865385 -0.64568624
-1.42245375 -0.07323247 -0.74552069
-0.99616049 -0.0506349  -0.89650392
-0.24020062  0.58523858 -0.38909415
 0.16399986  0.79878274 -0.1204456 
 0.28677069  1.08144351 -0.02345863
0.5713407  1.2715949  0.14757321
0.52698283 1.11058821 0.04136475
 0.1260175   0.87350599 -0.1164736 
-0.41299899  0.48507441 -0.28180572
-0.64536593  0.37603285 -0.55363693
-0.55902814  0.40678283 -0.56958573
-0.4280101   0.4695618  -0.46476903
-0.07616661  0.62495682 -0.31698458
 0.17500752  0.83685012 -0.00868842
-0.16081777  0.6894365  -0.19933494
-0.43250899  0.40083719 -0.49059871
-0.07165788  0.72357483 -0.02555238
0.18638213 0.87553143 0.0175767 
0.21182909 1.06095045 0.0443572 
0.64840514 1.11727325 0.23165928
 0.35029759  0.90764302 -0.18042875
 0.04688736  0.75264608 -0.36841724
-0.04158835  0.70622146 -0.45582404
-0.08452044  0.82556558 -0.50704531
-0.09708537  0.649483   -0.61633011
-0.09781188  0.5352199  -0.67895654
 0.22632299  0.81870319 -0.24863214
 0.52902126  0.98437974 -0.10890021
 0.39735039  1.07949818 -0.12075449
 0.42250686  1.1330583  -0.06821527
 0.55734949  1.14249929 -0.1388951 
 0.64073657  1.09001417 -0.32219167
 0.77054791  1.13838382 -0.18327953
 0.46288502  1.02314719 -0.57638651
 0.28966507  0.79043649 -0.42441122
 0.2977183   0.99502492 -0.32006645
 0.11973218  0.82593188 -0.21798393
-0.07787003  0.9590865  -0.2383687 
 0.22181971  0.99814957 -0.274345  
 0.23601797  1.14000541 -0.22603625
 0.41506376  1.04756524 -0.35579987
 0.15848143  0.88194197 -0.36168222
-0.20572469  0.73072553 -0.68419325
 0.19206128  0.9953216  -0.40299866
 0.01743973  1.04913082 -0.34984472
 0.02184409  1.01522858 -0.34285015
 0.04904117  1.19701609 -0.19700831
0.41209554 1.22400012 0.04767783
0.38221358 1.35711537 0.06240125
 0.13195343  1.12171154 -0.22385029
0.62206563 1.26952155 0.05543397
 1.13476507  1.61836376 -0.15234379
 1.40100764  1.99979212 -0.02055982
 2.1750002   2.34541168 -0.02334161
 3.28865036  2.35556307 -0.21330763
 4.27838719  2.54998642 -0.85965692
 6.03934239  2.75772159 -0.87608496
 8.35301072  2.87682211 -0.80173667
 9.90238518  2.99685808 -0.21696408
11.16590696  2.80213038 -0.47575503
12.41798931  2.57631726 -0.75618687
13.72848871  2.34253562 -0.57199542
15.1503367   1.46616586 -0.85255839
16.99886297  1.11375717 -0.75516974
19.30404411  0.74875068 -0.49234089
21.4244103   0.13273824 -0.04961569
23.61934023 -0.61107379 -0.40404801
26.16580108 -1.33313016 -0.73122384
28.88771955 -1.8353716  -0.61386984
31.94255677 -2.07021171 -0.52370098
35.39926791 -2.06427323  0.06653563
38.3703956  -1.70678602 -0.06131113
41.56607803 -1.41767475  0.37710469
44.48974185 -0.83350576  0.54027527
47.16129049 -0.13740006  0.499975  
50.08136311  0.62305324  0.50742449
52.91744354  0.8411781   0.57121155
55.56659165  0.79246571  0.24478475
57.71027266  0.94622286 -0.08084079
 6.02878507e+01  1.24068221e+00 -2.72512473e-02
63.3320965   1.7188836   0.25683325
65.74802124  2.16918106  0.23573313
68.63190537  2.44124843  0.28965345
71.62047829  2.61517684  0.15038761
74.85145676  2.49349348  0.36461189
78.01826402  2.27073025  0.25177008
81.03210783  2.03598213  0.30846918
84.57504827  1.68828121  0.14048289
 8.83007505e+01  1.21545620e+00 -1.84013154e-02
92.14525236  1.19523525  0.17290042
95.93994149  1.38177499  0.30048168
99.28089388  1.43056577  0.39021084
102.15533519   1.68808688   0.24856038
105.40334621   2.02645375   0.63220701
108.30816477   2.60853346   0.73534649
110.71851508   3.012887     0.86440929
113.72907342   3.34983045   1.28581877
116.20004503   3.55301344   1.08703492
118.88513993   3.37192315   1.16499537
121.33219403   2.50039033   0.84349841
123.8590591    1.33045595   0.64755554
126.46828545   0.23405353   0.64835643
129.13871811  -0.52794081   0.76752724
131.95105038  -0.2680923    1.13923812
134.21598618  -0.24687366   1.07134129
136.61497107  -0.22396603   0.88932036
139.27851137  -0.22502331   0.92097177
141.51112841  -0.59205186   1.02345776
143.38671312  -1.15669053   0.98949079
144.74386845  -1.68936248   0.92281133
146.36359466  -1.66380705   1.3424033 
147.24112656  -1.58839063   1.24159573
148.17849885  -1.29656052   1.46928487
148.91567258  -1.07606695   1.18064493
149.93105155  -0.96036045   1.31071394
150.57146926  -0.87267152   1.3891228 
151.00795152  -1.14202507   0.91150791
151.7487355   -0.72184143   1.06451185
152.16158271  -0.56265247   1.06493512
152.10677151  -0.68425486   0.90540926
152.20968557  -0.51071425   1.04403388
152.17393875  -0.62700975   0.9830162 
152.12511437  -0.74850344   0.94008447
152.35663351  -0.61087827   0.95310863
152.78387258  -0.31506565   1.10105091
 1.52790927e+02 -8.69656377e-02  1.20917421e+00
 1.52792276e+02 -7.67899201e-03  1.02900515e+00
1.53072208e+02 8.22176704e-02 1.21030683e+00
152.91905117   0.17320267   1.20455309
153.21950931   0.47992668   1.50980566
153.22635325   0.49822075   1.58679859
 1.52153656e+02 -1.07230601e-01  1.01147211e+00
151.32710409  -0.92460243   0.43306591
 1.50709166e+02 -1.47911343e+00 -1.14974015e-02
150.44192606  -1.63597799  -0.27776331
150.08564688  -1.97077554  -0.19359187
149.77089229  -2.23486902  -0.30225942
149.7108117   -2.22966701  -0.41605511
149.76049988  -2.13773144  -0.32033238
149.9860222   -2.11095658  -0.1890957 
 1.50041678e+02 -1.97451035e+00 -5.98159647e-02
150.21129778  -1.73103173   0.47145655
150.78713814  -1.19119254   1.30403705
151.07760011  -0.5988544    1.96269118
151.17525249  -0.47034099   2.35307038
151.04821303  -0.41058645   2.46414331
150.96405223  -0.42896948   2.642738  
151.03572521  -0.43781947   2.52708028
151.26079437  -0.2874763    2.62898189
 1.51544597e+02 -3.06397734e-02  2.79512520e+00
152.01273347   0.31241815   3.03203844
152.32952715   0.44857117   3.14611308
152.41178996   0.36063884   2.94790774
152.34875108   0.41871361   2.78183042
152.16272561   0.30668135   2.5869745 
152.39516843   0.40665215   2.62995881
152.72203449   0.51853625   2.57989751
153.06683797   0.79714724   2.80516583
153.34559113   1.0700075    2.85256815
153.48759298   1.00290049   2.7553325 
153.33292844   0.81673812   2.62718304
153.22303646   0.72300775   2.46068122
152.95161424   0.41798987   2.08304942
152.81068957   0.41339384   2.02958342
153.03119801   0.54415385   2.0103425 
153.37909216   0.69496485   1.9756487 
153.56626749   0.80249702   1.87909361
153.43817273   0.57877712   1.8326645 
152.98923573   0.29487212   1.59081174
1.52837592e+02 1.38569731e-01 1.35430761e+00
152.5391406   -0.16118286   1.23311564
152.35026357  -0.2032316    0.96376118
1.52736634e+02 6.95237247e-02 1.18220944e+00
153.41721907   0.64974475   1.57569012
153.73771779   0.74809069   1.69287809
153.6766534    0.69267217   1.49408298
153.64042708   0.56379104   1.20626612
153.73896924   0.55638159   1.08102539
153.30995233   0.28280132   0.68606204
 1.52831600e+02 -9.70799915e-02  4.58028460e-01
152.58443021  -0.30534913   0.42384048
 1.52639806e+02 -1.40903431e-01  7.64119648e-01
152.51278036  -0.22350174   0.87376035
152.40886633  -0.31323532   0.82034596
152.22867362  -0.28956184   0.73217802
152.26043021  -0.30384727   0.90224269
1.52769472e+02 5.02513622e-03 1.18138801e+00
152.99225818   0.16027686   1.32462152
1.52854356e+02 1.86252864e-02 1.28660679e+00
 1.52569015e+02 -6.39017845e-02  1.20702359e+00
152.09060284  -0.29060736   0.89808489
152.00430404  -0.51995382   0.79606592
151.91990055  -0.46632984   0.80591733
151.90590149  -0.57212051   0.82460687
151.82100416  -0.49703932   1.04434003
151.93222214  -0.44096685   1.0353769 
152.25721849  -0.20986267   1.27247124
1.52762365e+02 1.46858484e-01 1.54534688e+00
152.81736486   0.34479533   1.54391803
152.98504543   0.29124315   1.68579347
153.11551432   0.67800775   1.8398094 
153.04183401   0.54685417   1.78522177
152.98010928   0.40993974   1.76374302
152.7096188    0.15507676   1.5290741 
 1.52436271e+02 -8.97980182e-04  1.38746221e+00
 1.52456605e+02 -2.94016236e-02  1.30699818e+00
1.52737140e+02 5.57739974e-02 1.48108138e+00
1.52778352e+02 9.90066497e-02 1.34367710e+00
1.52744596e+02 1.51815201e-01 1.35958338e+00
1.52700560e+02 8.88615778e-02 1.34167329e+00
152.90077939   0.21852812   1.19925658
152.97658192   0.25346078   1.16942972
152.88384754   0.27531262   1.14885967
152.91907207   0.24389888   1.28460391
153.08832898   0.38457117   1.47387276
153.28009542   0.48200283   1.58107114
153.64011203   0.6565803    1.78325629
153.63831897   0.81481561   1.71337864
153.71098939   0.65796763   1.66871346
153.44435087   0.49800521   1.64237753
153.3738876    0.40189958   1.46280565
1.52833704e+02 1.18980105e-01 1.20308190e+00
1.52638415e+02 6.10725491e-02 1.09161110e+00
1.52843755e+02 8.62551064e-02 1.09507523e+00
152.98480562   0.54720953   1.14017538
153.11474467   0.67984738   1.34578139
153.41413761   0.8298877    1.51517728
153.30177773   0.70490933   1.44046545
153.18447445   0.76443508   1.31032362
153.32957289   0.77617969   1.25963019
153.40112018   0.70548962   1.27891646
153.35519792   0.74890062   1.31194352
153.08299603   0.68912105   1.19257758
153.07873313   0.60394839   1.20479568
152.77872705   0.39277284   1.17596639
152.78269694   0.37167489   1.17079901
152.84671354   0.45659389   1.25526762
152.97391329   0.65257481   1.38074031
153.50085405   0.89082397   1.72460173
153.76695164   1.32369518   1.90436542
154.07513847   1.38027588   2.0862507 
153.80947011   1.33394366   1.80479552
153.63470253   1.11573011   1.64357766
153.47521135   0.93367177   1.60229567
153.08746107   0.90156188   1.40297433
153.01218063   0.93505654   1.30419038
152.92578104   0.89763663   1.24867057
153.1601923    0.54366396   1.76756001
153.16875659  -0.94968629   3.62561926
151.40572026  -3.21483703   7.15908061
149.02645903  -5.14153135  10.92415333
146.04919278  -6.09132786  12.84218903
143.69774578  -6.44049453  13.68701551
139.58060172  -5.9317749   13.77287226
132.78094072  -6.246509    14.02671693
124.93204798  -7.15368831  15.14776909
116.46302919  -8.71995138  15.5936603 
108.4386803  -10.33504126  15.56429362
 99.9535131  -11.18329657  14.99807767
 90.36985066 -11.54951789  13.3333834 
 81.98736441 -12.8028754   12.47791854
 74.03569938 -12.70986275  11.50586016
 65.492888   -12.00541229   9.52659739
 57.1309085  -11.49652928   7.62863557
49.64381227 -9.94510229  6.24208188
41.47712246 -7.66975267  4.27358276
34.87023255 -6.7176896   3.28475488
29.40889355 -5.96738299  2.87290044
24.28258066 -4.60221314  2.08682382
19.92603676 -3.90070828  1.07942542
15.9007054  -4.20508816  0.66583695
13.18914543 -4.01395278  0.59999345
10.54252012 -3.14657989  0.7701241 
 8.01576746 -2.2842854   0.49044371
 6.84720414 -2.01640698  0.56406373
 5.04620474 -2.26522223  0.31046675
 1.36565877 -1.14550957  0.10332584
 0.50278077 -0.14415235  0.37414396
0.81223365 1.36442442 0.76729824
3.28431733 3.63902773 2.2599767 
3.57469589 3.78266589 1.95449503
3.53046074 3.76190126 2.07316794
3.32250472 3.42705266 1.79959469
3.07787493 3.15410508 1.76845914
3.34864871 3.07164862 1.35099205
3.58321138 3.32126649 1.61092128
3.69185394 3.19145242 1.33355408
2.85198297 3.09754877 0.85852627
2.65955681 3.05277903 0.89068362
2.71930961 2.92994631 1.01013993
2.84121108 2.9128401  1.22206723
2.86744437 2.94716132 1.00558228
2.50654817 2.88759029 1.12224956
2.29973775 2.66936478 0.89952352
1.95391693 2.34372515 0.50203484
1.49787305 1.60332048 0.04606742
 0.82265029  1.34486159 -0.13653135
 0.91096457  1.22622035 -0.08129629
 1.1091131   1.38892026 -0.10186503
1.1053416  1.41637446 0.21894749
1.18120417 1.5577813  0.30492667
1.05566452 1.46768586 0.16561231
1.23345297 1.49668255 0.34461222
0.88616854 1.32370737 0.15389547
 0.40139568  1.00390174 -0.0937149 
 0.24090414  0.95551392 -0.21902393
 0.32654726  0.8671299  -0.05182029
0.12923418 0.99052521 0.02337827
-0.1707423   0.80226442 -0.08953158
-0.60451558  0.58552942 -0.22392257
-0.700643    0.47939168 -0.30470946
-0.82655071  0.24161956 -0.56456143
-0.80730214  0.32523607 -0.46821193
-0.57973861  0.34617778 -0.60262652
-0.0947634   0.51711259 -0.50366002
-0.30471967  0.60906307 -0.60406786
-0.3020975   0.59861169 -0.73007576
-0.25812686  0.61853225 -0.69876005
-0.56124859  0.43528377 -0.68390262
-0.78657102  0.12429863 -0.83673578
-1.27231926 -0.05519442 -1.1872536 
-1.31678498 -0.06456265 -1.13530858
-0.9828921  -0.02424336 -0.93751382
-0.78093116  0.0848518  -0.8499461 
-0.81258373  0.07603939 -0.93556336
-0.69543621  0.2632607  -0.92125215
-0.14742496  0.42586107 -0.61604848
 0.00901619  0.68351907 -0.5152106 
 0.11335516  0.83750389 -0.30906544
0.46972501 1.08492648 0.01804188
0.61443695 1.30376409 0.29036826
0.7128962  1.39543502 0.34038932
0.87249215 1.48468232 0.42028938
0.9927208  1.61482945 0.48722173
0.97796616 1.48452967 0.37175379
0.63275033 1.12051034 0.07454822
 0.03919009  0.82766641 -0.44298518
-0.1846087   0.48893839 -0.61134938
-0.32187483  0.36016489 -0.71058996
-0.57949756  0.19740499 -0.70560153
-0.93626795  0.24047767 -0.87422173
-0.5986538   0.22820903 -0.87109756
-0.14339031  0.5329684  -0.64494804
 0.18123823  0.64420261 -0.66896014
 0.32663701  0.85494473 -0.53683906
 0.46636088  0.96914522 -0.33698135
 0.30896336  1.02348271 -0.244063  
 0.03471622  0.86630355 -0.36637291
 0.02609927  0.81136876 -0.32036173
 0.46846829  0.95624477 -0.07669702
0.69935086 1.38544792 0.06862083
0.95022768 1.44943859 0.32120706
0.82714594 1.74855275 0.60995113
0.54169159 1.85779383 0.10218986
 0.04577592  1.80057306 -0.32531144
-0.09322932  1.82410433 -0.30899434
-0.19902643  1.97056352 -0.80494369
 0.18945156  3.0658135  -0.45497953
 0.64634501  4.31704031 -0.1942378 
0.88408481 6.37868566 0.11495522
1.45287357 8.79208422 0.33747448
 1.71758505 11.62583034  0.62051352
 2.04617842 14.84754042  0.5030497 
 2.53306029 18.60141166  0.77161004
 2.52057192 23.02590255  1.05273936
 3.14931012 27.50550265  1.50304503
 2.67578168 32.17314184  1.57762319
 2.46622703 37.35944189  1.61894861
 2.00182602 42.4504041   1.53972406
 1.66956886 47.55269509  1.58912832
 1.17926192 52.71297562  1.67820249
 0.59224545 57.9838983   1.45100536
-0.35756358 62.79608769  1.28375484
-1.35753101 67.15551423  0.94593386
-1.94583018 71.6561492   0.57431088
-1.5022692  75.38550982  0.28616119
-1.24764224 78.58509484  0.25785517
-1.52598283 81.05995655 -0.3479836 
-1.95934467 83.13766544 -0.87956956
-2.18187606 85.50132153 -1.13850071
-1.37439919 87.304604   -0.7809297 
-1.10836653 88.97184023 -0.65951763
-1.03631525 90.60011385 -0.66342211
-1.00744744 92.04307389 -0.40605206
-0.99113465 93.41682262 -0.17896976
-1.00114814 94.79854547 -0.19462193
-1.0090074  96.04912182 -0.1059156 
-1.02878518 97.58507832 -0.23908134
-1.06290629 99.63328987 -0.34074147
 -1.48730601 100.58166322  -0.64444458
 -2.11150895 101.26878022  -0.75008709
 -2.4287604  101.43635942  -1.08217302
 -2.64190444 101.81335102  -1.09364158
 -2.52015275 102.10925658  -1.11202281
 -2.50642956 102.3461869   -0.84328183
 -2.05061569 102.43251587  -0.70883183
 -2.40084654 102.39607321  -0.78572545
 -2.21734999 102.44063653  -0.72334873
 -2.23210361 102.47510131  -0.81354781
 -1.63885692 102.63245164  -0.58850301
 -1.77642615 102.76832289  -0.48904654
 -1.82254471 102.83608222  -0.52298928
 -1.76167807 102.65393276  -0.54872076
 -2.23261415 102.53362411  -0.74093475
 -1.82201353 102.60817498  -0.55457276
 -1.73007562 102.58703176  -0.64630899
 -2.06457826 102.37244272  -0.79001132
 -1.88133359 102.59101187  -0.74892613
 -1.91164583 102.53970534  -0.75903176
 -1.63822079 102.59712626  -0.64006829
 -1.95833221 102.61145257  -0.70652569
 -1.88392662 102.58550176  -0.48020276
 -1.50057163 102.64497509  -0.57034797
 -1.77419998 102.53367701  -0.7606467 
 -1.68231408 102.54027895  -0.74514249
 -2.0616644  102.50205558  -1.00963118
 -2.09489895 102.52647725  -0.77152325
 -2.003719   102.51044137  -0.74781121
 -2.2768752  102.29701865  -0.9767644 
 -2.47430755 102.1192334   -1.08932932
 -2.52033978 102.1318658   -1.09067311
 -2.32263335 102.21391958  -0.96839114
 -2.32009775 102.41024176  -1.15300087
 -2.21548827 102.29468451  -0.98629537
 -2.30780733 102.28103324  -0.93527669
 -2.65887655 102.24215971  -0.92601204
 -2.72116204 101.98966406  -0.90041816
 -2.53927006 102.18149377  -0.72703266
 -2.69160248 102.13486704  -0.74768729
 -2.7968116  102.01600389  -0.91668125
 -2.96358837 101.97311122  -1.05945838
 -3.26730763 101.87125264  -1.25520451
 -3.40243809 101.69176247  -1.54037725
 -3.34114716 101.66098268  -1.52382275
 -3.2936291  101.58582925  -1.72977784
 -3.05267224 101.74504682  -1.34642474
 -3.17416291 101.80145162  -1.41013727
 -3.03621813 101.81930841  -1.45753959
 -2.68749166 102.14522008  -1.17070728
 -2.3850723  102.2991018   -0.85467097
 -2.08071267 102.59814236  -0.67063881
 -1.4738128  102.74707754  -0.38018588
 -1.36715726 102.84565513  -0.28208448
 -1.4121004  102.86301245  -0.34127918
 -1.23039355 102.92016831  -0.23751193
 -1.33544526 102.82749391  -0.3941784 
 -1.23021134 102.91029174  -0.21021824
-1.06342188e+00  1.03155454e+02 -9.65180303e-02
-8.65364819e-01  1.03225807e+02 -2.37117271e-02
 -1.06271047 103.01058178  -0.16799619
 -1.45894045 102.89003236  -0.23575968
-1.18645744e+00  1.02930495e+02 -4.16242133e-02
 -1.50487563 103.00994271  -0.22698939
 -2.79812134 102.14234306  -0.79833584
 -4.50271164 101.34519872  -1.67834708
 -5.66025008 100.55777876  -2.36944463
 -6.43852892 100.07853388  -2.69374733
-6.60631002 99.91029294 -2.77079954
-6.54437676 99.8075459  -2.85704106
-6.66650611 99.75458744 -2.91142276
-6.6955317  99.58414161 -3.12565701
-6.73950066 99.52318074 -3.41459622
-6.55708303 99.66916939 -3.19778343
-6.06808812 99.90656999 -3.06400213
 -5.97740933 100.04222328  -2.92007519
 -5.16904626 100.48499996  -2.51703019
 -4.77296591 100.74318076  -2.29161587
 -4.40786859 101.14730105  -2.01034141
 -3.64697677 101.44913683  -1.58401315
 -3.17453684 101.67838302  -1.43025723
 -2.82640105 101.89978485  -1.04777438
 -2.78620837 102.21244697  -0.49271339
 -2.27645864 102.75308732   0.6667611 
 -1.61192988 103.0499081    1.4632155 
 -0.68779609 104.00124932   2.21253883
 -0.86773506 104.94261041   2.33871252
 -1.00454592 104.93522517   2.35910564
 -1.26393018 104.57864974   2.32572081
 -1.55626478 104.22435569   2.65231636
 -3.08918034 103.95279924   1.93142063
 -4.4490206  102.29569105   1.70220888
 -4.9517627  101.4528614    1.45771164
 -5.04696098 100.42268026   1.92046948
-5.71419671 99.02086415  1.44786942
-5.52480837 97.60311751  1.15990355
-4.91519578 95.41317049  0.66696443
-4.45160283 92.94418796  0.2744984 
-4.15698502 89.95814299 -0.28329963
-4.14963972 86.62423453 -1.04573573
-4.31634473 82.59153427 -1.80244563
-4.4044514  77.87890374 -1.13916345
-5.60267361 73.3493168  -0.59786312
-6.63537588 69.08974071 -1.66441978
-4.59467887 64.07352198 -3.23024168
-3.42308963 59.09016553 -2.02613674
-3.2711692  56.02832931 -1.54738693
-2.35414822 53.63759164 -1.81771477
-0.86575667 51.45267013 -2.16478492
 0.30390474 49.71579065 -1.96566401
 0.57592453 47.25275169 -2.21860005
-0.37382129 44.66973391 -2.46139137
-1.39726231 42.12489847 -2.3839882 
-2.88653365 39.29757877 -2.34042611
-4.1142658  36.11066258 -2.56781264
-4.75204058 32.69734113 -2.37894181
-5.61307907 29.35940497 -2.33276009
-6.01110514 25.93194721 -2.18909444
-5.46075612 22.68199255 -1.33659475
-4.96012551 19.47660372 -1.00556999
-3.53593047 15.97569369 -0.83297366
-2.561836   12.5350301  -0.61481447
-1.01557139  9.13535912 -0.60684224
-0.16624877  5.80547707 -0.69709058
 0.12720246  2.76853432 -0.67851001
 1.04412225  0.2942847  -0.56848941
 1.43280657 -1.75656223 -0.72186724
 2.05313122 -3.37170388  0.07874143
 2.09168964 -4.26428907 -0.11214055
 1.36528826 -4.31928086 -0.33579241
 1.25309992 -3.55616827 -0.53648833
 1.44388046 -2.2372673  -0.30166968
 1.29133744 -1.23899659 -0.15483275
 1.17739219 -0.62795576 -0.36125178
 1.05801497 -0.6465227  -0.37519528
 0.71640532 -0.5804284  -0.33267093
 0.33558164 -0.57864316 -0.52898349
 0.68047048 -0.40718115 -0.32404116
 0.77867914 -0.03254594 -0.25421443
 0.7656027   0.22452575 -0.27885437
 1.04428566  0.17843417 -0.08823602
1.33944095 0.41627813 0.0323506 
1.81459349 0.67754874 0.15824294
1.63708503 0.76122091 0.14615644
1.82774507 0.68814303 0.10251016
1.61624913 0.52221021 0.14037855
 1.41835611  0.38967182 -0.0339433 
1.33983798 0.41597927 0.09724385
 1.01948125  0.2771614  -0.0681197 
 0.58395519  0.06848369 -0.41507724
 0.23310495 -0.21533206 -0.43579122
 0.20228445 -0.36057448 -0.46830328
-0.03760662 -0.52491102 -0.62888874
-0.27795558 -0.41828446 -0.74841282
 0.25906292 -0.2899435  -0.3875494 
 0.71118532  0.0439283  -0.16382564
1.14261171 0.27731325 0.186018  
 0.82244761  0.27496104 -0.11941862
 0.77657338  0.1140774  -0.20354307
 0.76178887 -0.03515227 -0.25760847
 0.40315837 -0.09768937 -0.58865813
 0.74068497  0.16041356 -0.2167427 
1.33207554 0.4774082  0.08207778
1.68877524 0.56083328 0.13939366
 1.49925631  0.49358631 -0.06421654
 1.20796302  0.21839669 -0.27885817
 1.25690076  0.33116894 -0.28504595
 1.15617672  0.26254074 -0.44722764
 1.47305083  0.42987276 -0.24248308
 1.74855126  0.69861721 -0.02298787
 1.87739519  0.64260687 -0.04212783
 1.91859086  0.81848214 -0.03496497
2.25768465 1.0640397  0.13826783
2.58322723 1.15500277 0.10610589
2.45139486 1.24882404 0.06743299
2.52066424 1.02979163 0.02897768
2.53738519 1.16778477 0.17365759
 2.2257121   1.08840204 -0.13106254
 1.94710716  0.84995394 -0.10762589
 1.77892958  0.5828679  -0.25865611
 1.17931234  0.19345681 -0.4233763 
 0.75711917  0.01814655 -0.65361147
 0.34894511 -0.30077364 -0.66700395
-0.09773161 -0.54078764 -0.96812108
-0.06205017 -0.58694872 -0.88836711
 0.12018981 -0.43427175 -0.80884953
 0.34581387 -0.13191859 -0.73173294
 0.61629978  0.04116702 -0.52980382
 1.0043631   0.11795271 -0.33517568
 1.30608888  1.29767968 -0.03530798
 1.02487754  1.67324765 -0.27506636
 1.44737305  1.99824538 -0.04640793
1.68443365 2.0495986  0.1228028 
 1.54196976e+00  1.96204913e+00 -1.11457785e-03
 1.40955156  1.91549984 -0.00245681
 1.3525502   2.17377658 -0.08937567
 1.23715158  2.10901554 -0.12089212
1.34418743 2.24749988 0.00708745
 1.22750566  2.20608885 -0.22366728
1.7309029  2.50236103 0.32809019
1.77220589 3.14909884 0.32061038
1.90964185 3.88409564 0.54864007
2.24754683 4.75699536 0.90869495
2.41701294 5.77240264 1.44681359
2.56009989 6.26126871 2.24614572
1.79700018 6.49381475 4.15749465
1.3230164  6.15912569 7.19584741
 1.32681203  6.19799354 10.83159856
 1.81601651  6.60099084 16.15567581
 2.19059036  6.97069745 22.31284996
 3.09233633  6.60100761 36.95857825
 3.34476123  6.43744601 46.37853697
 4.46938236  6.23692254 56.7888628 
 4.93788471  6.0687504  67.80205846
 4.6452403   4.84708413 78.48983803
 4.09605396  3.74327586 88.60244544
 4.41935461  3.24920057 98.36080552
  4.60872089   3.40225709 107.26326804
  3.64532581   3.24993041 115.68737375
  2.63327372   2.7179707  124.81004914
  1.7106381    2.50365504 133.82993387
  0.5055036    2.22960903 142.94991098
  0.16675421   2.48894514 151.94594214
  0.25913616   3.08349792 160.85583344
8.40141706e-02 3.38675651e+00 1.68894898e+02
3.66155036e-03 3.59956251e+00 1.77281025e+02
-4.48437177e-02  3.09965231e+00  1.85729102e+02
-1.76359243e-01  2.22337277e+00  1.93634302e+02
 -0.64738533   1.35527775 201.09520066
 -1.2475279    1.01892445 208.7536178 
 -1.22984875   0.60015828 217.34313419
 -0.96504358  -0.25791862 226.29656101
 -0.38649785  -1.65269991 244.05231858
 1.94370806e-01 -2.62435927e+00  2.52044969e+02
  1.75183827  -3.58118028 259.91730721
  5.7895464   -5.73128991 287.30660888
  6.15000994  -6.080635   293.3961562 
 12.20253369  -9.69941487 280.38573689
 13.51322364 -10.36005683 274.24372105
 14.76611585 -13.07595922 245.99558831
 15.45608023 -13.00449489 237.98047857
 15.60998673 -12.92340837 230.18541191
 15.63313397 -13.21138432 222.44603389
 15.99674949 -13.38579736 215.50288127
 15.83144484 -13.31576138 207.97255461
 15.8216948  -13.34578968 200.20067405
 15.90779677 -13.07325488 192.90472441
 15.76039044 -12.78531941 185.86332168
 15.04685631 -12.83751252 178.98807475
 15.01737082 -12.40274268 172.52435423
 14.46764415 -12.10928164 165.70374649
 13.15390497 -11.89496562 158.66017213
 13.29331716 -11.8924396  151.91443209
 13.19699594 -12.04188538 144.85616323
 12.63863294 -12.30719478 137.50118482
 12.41621138 -12.25997325 130.02958746
 12.15078197 -12.04312479 122.86415897
 12.00844454 -11.52944447 115.83754375
 11.15867645 -11.08461826 108.88240682
  9.60608667 -10.26782488  95.90473916
 6.58425343 -7.85980065 84.0925791 
 5.00605363 -5.96178961 73.39452171
 4.67087803 -5.32701746 68.63717618
 4.56457363 -5.23418242 63.3753715 
 5.82825383 -4.96563088 58.28351179
 6.63683464 -4.22828412 47.77671134
 6.74561073 -3.77780695 42.92848582
 6.22982509 -3.29961105 38.8664753 
 6.03364178 -2.75604971 35.11340884
 6.02419679 -2.52552443 31.33064194
 6.43518434 -2.0508017  28.18640594
 6.1621148  -2.0927898  25.22536987
 5.92316365 -2.59817972 22.33969299
 5.54419195 -2.23282638 19.06012893
 6.19574915 -1.88861661 16.25089898
 6.14389244 -1.49993549 13.91043307
 5.43501913 -1.22760391 11.93356629
 4.65863986 -0.69177658 10.27053326
 3.8906114  -0.25018101  9.26134402
3.61784687 0.21778481 8.53446998
2.6313112  0.67485038 7.45022021
2.56850093 1.45033085 6.95659502
3.3678448  1.84545011 4.4016597 
3.48238443 1.42963519 3.69995539
3.20162672 0.96208883 2.30034085
2.92229826 0.40689926 1.17908289
 3.20349517 -0.47254488  0.6835199 
 3.00958469 -0.77853889  0.62195109
 3.01716062 -0.28950539  0.62217208
2.89750326 0.28106568 0.60542054
2.27573513 0.5476829  0.27405945
 1.83186296  0.97797314 -0.11346696
 1.95685701  1.22992167 -0.43688829
 2.41237223  1.40585833 -0.23783778
 2.47468233  1.40530647 -0.46425177
 2.62448601  1.57043777 -0.25812515
 2.61173285  1.54547095 -0.32164378
2.23994226 1.44709853 0.0106671 
 2.21507584  1.22981422 -0.04730512
 2.1582726   1.18602874 -0.225927  
 2.51789509  1.23858641 -0.08430755
 2.57031365  1.32686613 -0.15840167
 2.54167159  1.30895033 -0.14521005
 2.7080641   1.468147   -0.05546685
2.81841573 1.56898549 0.24071058
2.9629739  1.64428087 0.53911535
2.88283303 1.68618005 0.53014768
2.82438576 1.67431186 0.4697136 
2.54087791 1.46124744 0.32251412
 2.26372233e+00  1.21793408e+00 -1.27741685e-03
 2.12591237  1.06238389 -0.15711069
 1.72923301  0.94182981 -0.48503487
 1.81415269  0.84208853 -0.426302  
 2.00493076  0.92760176 -0.35191363
 1.82804674  0.87513595 -0.44238217
 1.77579978  0.92986893 -0.52760829
 2.15635285  1.07289985 -0.28525677
 2.20289114  1.21572905 -0.24591362
 2.30574331  1.10270039 -0.22083334
 2.24676355  1.06938178 -0.0317518 
 2.30992861  1.19836407 -0.1161087 
2.57118376 1.32112263 0.08379948
2.50896685 1.48157192 0.08188973
2.65806166 1.49805774 0.14080223
2.65568501 1.51960787 0.06670523
2.82994991 1.61724208 0.10512558
2.97729685 1.51810795 0.09540285
2.78920247 1.55877097 0.15068316
2.88459975 1.51961784 0.18511541
2.67729656 1.61044032 0.01555693
 1.96507569  1.13712365 -0.34064456
 0.57635292  0.15243674 -1.09343407
-0.52311101 -0.54937614 -1.68798428
-1.039863   -1.12832942 -2.04849504
-1.39389043 -1.40068621 -2.17967983
-1.41670571 -1.46931119 -2.1772927 
-1.43361661 -1.43673338 -2.22568779
-1.58946028 -1.57132013 -2.22993512
-1.68978639 -1.62717518 -2.32205584
-1.53577335 -1.49711449 -2.1812193 
-1.52240783 -1.46835224 -2.27951826
-1.51383645 -1.55255936 -2.19456498
-1.05157796 -1.29949035 -2.09473896
-0.55313119 -0.99163974 -1.94538313
-0.02063032 -0.53743012 -1.71443569
 0.61066222 -0.14535809 -1.35711476
 0.82369667  0.00391622 -1.28141517
 0.85084493  0.01320164 -1.12938896
 1.19300519  0.37796098 -0.91914312
 1.60261253  0.54211539 -0.63465975
 1.58548906  0.5804594  -0.88117452
 1.68090632  0.81361055 -0.51427243
 1.82310022  0.77832753 -0.50752388
 1.94714485  0.89534191 -0.4000846 
 1.71633099  1.04717665 -0.46980917
 1.88904751  0.85758481 -0.31504123
 1.49756352  0.67154389 -0.62136266
 1.62053052  0.80777223 -0.68442284
 1.98697088  0.95603658 -0.41577414
 1.79037453  0.78605013 -0.44381782
 1.84734015  0.96989336 -0.47962393
 1.757764    0.95606416 -0.66568678
 1.86917036  0.90475979 -0.397532  
 1.88880151  0.86722556 -0.27928858
 1.86947406  0.91092525 -0.41849151
 1.7066358   0.99940003 -0.4416843 
 1.94735145  1.04038258 -0.22263222
 1.91949079  1.02291395 -0.36128453
 1.93731953  0.99211617 -0.24033971
 1.76989306  0.990738   -0.36864591
 2.27636657  1.25280292 -0.16450926
2.4017478  1.48855389 0.13303767
 2.19660069  1.27608229 -0.13283089
 2.36250242  1.29692374 -0.23988069
 2.88341688e+00  1.53421646e+00 -2.29827974e-03
2.95092735 1.60851515 0.0845081 
 2.7294458   1.70044898 -0.03016786
2.95295379 1.73330336 0.18728418
2.97661731 1.67975457 0.09308329
 2.34018392  1.50528257 -0.21712173
 2.04709517  1.0963784  -0.32694085
 1.69371877  0.85928514 -0.48366582
 1.50559684  0.75756874 -0.48583438
 1.74055404  1.12635885 -0.1025373 
1.82237338 1.3700561  0.15749   
1.9090723  1.70369973 0.19358601
2.17375753 1.931485   0.42332651
2.09628675 1.9486748  0.3669856 
1.91748524 1.91169706 0.46545603
1.57182967 1.91062379 0.86147688
1.58268845 1.85010679 1.2779313 
1.32599918 1.9840743  1.64171776
1.67006224 2.23187169 1.95833493
1.55717664 2.0084841  2.09533269
1.51206688 2.30671049 2.19513028
1.61552487 2.19405413 2.19931731
1.9063235  2.13922389 2.3048198 
1.85969029 2.29203107 2.04768114
2.17258333 2.33277049 2.252635  
2.20184543 2.33574188 2.24958571
1.9339094  2.10341943 1.78064642
2.13305003 2.23327293 1.79199662
1.89544332 2.15608265 1.45970915
1.86766839 1.97397699 1.20136863
1.94753915 1.92739822 1.12649774
1.84189544 1.7844666  0.82828316
1.4767252  1.45097929 0.31938845
 1.37329723  1.27228804 -0.08918443
 1.19649591  1.22297947 -0.2557608 
 1.18016516  1.21611098 -0.29690042
 1.29113297  1.18853273 -0.37988829
 1.35088062  1.34106448 -0.24589058
 1.49173973  1.30731081 -0.12380393
 1.41142033  1.34117179 -0.00891639
 1.4828043   1.24549243 -0.03781412
 1.68576812  1.48858078 -0.12024579
 1.65988893  1.59912638 -0.0343276 
 1.59028877  1.38212287 -0.00471614
 1.76265936  1.34644006 -0.1887909 
 1.76777168  1.57037871 -0.16646745
2.34855382 1.69787582 0.21679715
2.27093913 2.00985305 0.22572619
2.43686061 2.03335504 0.43634705
2.09119836 1.81941582 0.22452363
2.29266722 1.79801095 0.1018656 
2.43554146 2.02022823 0.25520489
2.55054381 2.07957947 0.28857705
2.30891487 1.77788943 0.13032797
2.30163904 1.84465764 0.11333982
2.38373557 1.93006175 0.23452501
 2.29857784  1.73639807 -0.03802442
1.817724   1.66640187 0.00722341
 1.66848654  1.51578347 -0.16657368
 1.55817501  1.39521514 -0.1406857 
 1.73294059  1.32912939 -0.10765578
 1.60556189  1.23258719 -0.24970095
 1.22123773  1.11870846 -0.34053764
 1.09430739  1.03682783 -0.38376899
 1.23169475  1.04438866 -0.26267692
 1.64830605  1.28972833 -0.10198119
 1.69628236  1.25840087 -0.04056792
 2.01989379  1.245138   -0.27513817
 2.64808881  1.05866058 -0.29011571
 3.36932219  0.90372379 -0.33822576
 4.31929592  0.88659947 -0.0520866 
 5.60184633  0.69335337 -0.25085118
 6.89836161  1.09540507 -0.14918855
 8.02853955  1.04660854 -0.38824396
 9.54969539  0.87134696 -0.2343525 
11.25950696  0.92499096 -0.33735522
13.16390054  0.92357006 -0.09606333
15.34135304  0.91702232 -0.49414552
17.81072891  1.03518248 -0.07413333
20.05075466  1.03482632 -0.34845211
22.39679772  0.94683936 -0.14779996
24.82151363  0.84139557 -0.39767379
28.19415273  0.68371631 -0.52023711
32.27468549  0.40965072 -0.36825506
36.16006953  0.35045694 -0.50980665
41.04904086  0.32004427 -0.29533981
46.14322449 -0.14954962 -0.51716345
51.3216523  -0.34930067 -0.36574739
56.43089349 -0.74402803 -0.67402925
62.14165146 -1.01041916 -0.12362879
67.45207642 -0.75350817  0.17475043
72.48630981 -0.83554229  0.36280962
76.93356237 -0.81779392  0.51493643
80.64191272 -0.71630779  0.32103128
84.52914553 -0.63773625  0.30097085
88.44675096 -0.57009846  0.19938955
 9.25595918e+01 -6.50349700e-02  6.59443492e-01
96.51779151  0.46153811  0.90407281
100.09876784   0.5706009    0.60518977
103.55634084   0.74027233   0.49521174
107.26744206   0.66238199   0.59668526
110.66908263   0.56301353   0.61899269
113.71902879   0.40875191   0.46665904
116.56806558   0.1453897    0.33456164
1.19271004e+02 1.86661159e-02 5.05438099e-01
121.49523204  -0.14902832   0.47557308
123.76968585  -0.38357278   0.56660968
125.81160829  -0.84048202   0.58389881
127.76645628  -1.05946968   0.39107065
129.68684795  -1.73535093   0.227994  
131.59323335  -2.38805433   0.2893306 
133.89119669  -2.64992234   0.58853882
136.00594881  -3.19297352   0.58190339
138.40650721  -3.3744825    0.80845595
140.16793158  -3.7543046    0.66227638
142.3668957   -3.96310337   0.82830789
144.49194961  -4.26723875   0.73794177
146.91700539  -4.25110388   1.14474987
149.3335754   -4.2876534    1.20834465
151.48425005  -4.35318619   1.29694255
153.83552831  -4.66457368   1.26301268
156.02069827  -5.06464429   1.28735511
158.18739793  -5.42624838   1.21558178
160.5716752   -5.74029829   1.27984455
162.75557096  -5.94806032   1.11505957
165.37445571  -6.15270986   1.16301765
168.27018374  -6.14391448   1.36051231
171.23915519  -6.27826646   1.35777274
174.51353658  -6.28389487   1.35204015
177.13714935  -6.08612183   1.21999334
180.13916572  -5.8331541    1.30799652
182.9819254   -5.46489293   1.31219107
185.69602683  -5.43199568   1.07946841
188.50082355  -5.17475276   0.85658503
191.09358866  -4.89766469   0.8455426 
193.96474151  -4.80725879   0.83432513
196.8949799   -4.39248161   1.05792928
200.11590535  -3.97832687   1.07819783
203.4445938   -3.8961254    1.38113362
206.5186455   -3.6621149    1.53150689
209.65170274  -3.86158294   1.46393923
212.61129047  -4.02996603   1.3990723 
215.44170378  -4.52413671   1.2004655 
218.39906095  -5.09274355   0.96458073
221.04359558  -5.21621975   0.96365217
223.86565716  -4.88373726   1.10213451
226.92786198  -4.49952048   1.21306721
230.40671561  -4.47596303   1.21037046
234.21628103  -4.22799058   1.3556007 
237.77331847  -4.32324823   1.41687766
241.19512095  -4.40994237   1.6506908 
244.02304116  -4.16171445   1.94433817
245.84345153  -3.6726458    2.08546985
247.63740591  -3.30229695   2.25069633
249.27664002  -2.80443446   2.34993949
250.30323684  -2.50020869   2.42067553
251.25212254  -2.38739058   2.29923594
251.98491066  -2.31671563   2.14429815
253.16564865  -2.02903307   2.18658719
254.28344441  -1.89105856   2.34685102
255.49618978  -1.93027616   2.19021585
257.10732342  -1.99367873   2.56258751
257.60401382  -1.37671396   2.6838351 
257.67171502  -1.21018282   2.7463538 
257.61599184  -1.22257213   2.60030603
257.53215976  -1.21283857   2.47587485
257.58518076  -1.31755536   2.55188176
257.4171449   -1.39450207   2.3181503 
257.43403406  -1.38278372   2.37345422
257.48584519  -1.29779911   2.46076628
257.55331076  -1.27660413   2.45768003
257.55502138  -1.44489271   2.27969813
257.15747598  -1.68509174   2.10463495
257.04057815  -1.52622896   2.15708076
257.15668712  -1.52978907   2.29091756
257.21406779  -1.48121804   2.10403929
257.28387921  -1.41583367   2.27438445
257.23910227  -1.54481191   2.3025086 
257.03475591  -1.66495443   2.1427376 
256.94570269  -1.79912928   2.02040007
257.08546001  -1.68492826   1.85034934
257.59560258  -1.70712452   1.38196622
257.71987953  -1.88701376   1.01721734
257.86336179  -1.97040674   0.69900293
257.69400625  -2.09791785   0.28858906
 2.57821495e+02 -2.18469329e+00  1.60202478e-01
 2.57759005e+02 -2.21360020e+00  2.45556851e-01
 2.57590457e+02 -2.05644485e+00  2.13569103e-01
257.84451261  -2.0342987    0.34598147
257.96967816  -2.01072683   0.35038555
258.00497392  -1.83019945   0.48956173
258.10258495  -1.88670993   0.38968347
258.11962787  -1.8538149    0.67455654
258.02106102  -1.84498181   0.71983455
258.04192467  -1.75269136   0.88139625
258.09560076  -1.58072925   1.08801763
258.02539107  -1.49066183   1.22773847
258.0506938   -1.51145491   1.49626471
258.19538103  -1.31055429   1.69147134
258.12687262  -1.24853343   1.71916962
258.02300701  -1.3070718    1.79201079
258.01278547  -1.27872507   1.73575437
258.00307168  -1.27464452   1.83800338
257.87519607  -1.33540097   1.79112348
257.63610027  -1.71105367   1.72602547
257.76302035  -1.53706661   1.75893274
257.91060512  -1.43363468   2.05363109
257.89525062  -1.31110151   2.05854595
257.75019945  -1.49728052   2.11856   
257.63967261  -1.50975554   2.06999736
257.68884837  -1.43729466   2.06918456
258.73055868  -1.27422517   2.31597711
260.86216136  -0.26235055   3.11338097
261.59020727   2.17310857   3.75367244
262.02713178   5.56889947   4.38352583
262.03132792  10.48106271   4.99710432
261.68054207  16.04072036   5.88737486
261.73358751  21.55312442   6.96625189
261.99044555  27.79832659   7.86641435
262.11644149  35.06334786   8.01199205
262.21804352  42.90063167   7.75781941
262.17692216  50.45034261   7.52820226
262.13556651  58.58464196   7.16614703
262.26860654  67.07055205   7.19652599
262.10110198  75.64851178   7.84498375
261.65313918  84.19513101   8.60748399
261.0694155   93.00791586   9.26947875
260.99855705 102.16597677   9.60369709
260.28967462 121.01504836   9.31901175
259.89574168 130.65492726   9.18917945
259.00191803 139.91278896   8.99644139
258.15031435 149.30751028   9.1392038 
257.0245522  158.28377752   8.84118918
256.37161873 167.46092901   8.86143102
255.66909101 176.05350446   8.41515948
254.93598709 184.79065521   7.54646373
254.10652637 192.89292346   6.10857121
253.46745448 200.91996481   4.25561708
252.55634804 208.28118133   2.33051072
254.0930192  215.78514156   1.62775292
255.57747842 223.00400009   2.30603262
256.32506635 230.23364344   2.25884551
256.89161215 237.22987342   2.38010146
257.65164603 243.89594853   2.2853277 
259.13869463 250.72507552   2.34471102
260.57335798 256.84241768   2.73605643
262.38773018 262.5998137    3.68498236
263.56868271 268.00782059   4.23674731
265.13064817 273.06644892   5.25605933
265.7340321  277.86335234   6.07516063
265.78962305 282.45028968   6.81249993
266.35575974 286.6017794    6.87649034
266.64799742 290.31281632   7.00927488
267.03543998 293.35459971   6.39625738
267.77984711 296.0237112    6.04476665
268.68647905 298.45140054   5.94785145
269.03142549 300.02343693   5.94558982
269.51044006 301.17595841   5.72216263
269.50238125 302.10361787   5.12186782
269.51121587 302.95813894   5.02225062
268.83252277 303.4562445    4.99645222
268.37213108 303.89273932   4.77859226
268.57222913 304.55449339   4.37839794
268.68985358 305.32313044   3.86380627
269.0037761  305.77238878   3.53791962
269.78825118 306.3882076    3.58703993
270.64000997 307.31150812   3.48097476
271.4732916  308.0679366    3.33903255
271.86752644 308.67385673   3.08339639
272.43498128 309.04061287   3.25455307
272.70031934 309.37520666   3.43217632
272.69483935 309.34624467   3.78775156
272.34398714 308.98296869   3.69529257
272.03125582 308.7084236    3.23690427
271.58497334 308.61385307   2.54462408
271.89401432 308.57779464   2.5319083 
272.14093647 308.34298216   2.46230179
271.98580567 308.21685018   2.41841522
271.79517258 308.23873219   2.77909092
270.92310999 308.40473217   2.65704205
270.24787872 308.66120124   3.03775556
269.3169608  308.65166191   2.51143606
267.61956469 308.39853225   1.77422582
266.08217116 308.75182583   1.39727283
263.52352926 309.2934815    1.25552092
260.57772698 310.01981456   1.37264079
257.50746188 310.77001565   1.94325754
253.59122481 311.31856297   2.56014278
249.45007247 311.88069718   3.08140826
244.43240515 312.24446694   2.64915072
238.53441484 312.65998248   1.62966691
233.40836959 313.79932657   0.81358035
228.28376602 315.04991484   0.44772392
222.97049711 316.14919376   0.84309436
217.25039642 317.45536913   1.2198121 
211.50249705 319.07566241   2.01982186
205.16880385 320.53477942   3.32450897
197.91452122 321.62140547   4.61735815
190.80226966 322.38802413   5.66770801
182.72408588 323.40479187   6.14214052
174.52455468 324.57527465   6.85809221
165.716177   325.81921052   7.51367245
156.89317978 327.10327481   7.89103808
149.00285059 327.92448804   8.24937937
140.70153583 328.29223251   9.0375728 
122.29797922 328.61220105   8.74956192
112.54136585 328.71122565   8.33946089
 94.95148836 329.09968732   8.05578378
 86.43245652 329.11327411   8.16930519
 78.39553439 329.34952782   7.7780812 
 52.6380221  330.17224189   4.83016609
 39.17616729 331.56403305   3.18884696
 34.49146695 332.29681176   3.36724051
 29.08669751 333.21401744   3.35395176
 23.69491572 334.50570062   2.83083835
 18.94989719 335.63589323   3.07408152
 10.50615157 336.99869643   3.05985342
  6.86386736 337.63456335   2.96904072
  3.01960628 338.98982656   3.08025735
 -0.49099442 339.31500914   3.49943415
 -6.66047842 339.60085413   4.05349693
 -8.93754159 339.80859583   3.66842229
-11.67297312 340.0558543    2.3451108 
-1.65186554e+01  3.41077329e+02  7.17310056e-02
-1.91434670e+01  3.42085835e+02  2.65382540e-01
-19.30384788 342.12986359   0.58157955
-2.03359353e+01  3.42381393e+02 -5.66672477e-03
-20.80262854 343.09488254  -0.67045925
-22.17065224 343.74868314  -1.31615246
-22.44112188 344.04034506  -1.4940263 
-22.79514358 344.19876355  -1.74034324
-22.59768662 343.97891538  -1.95443875
-22.66095315 344.74428013  -1.92973445
-23.07853562 344.68343321  -2.22294621
-22.69897432 344.7504614   -2.02703198
-22.8387872  344.84420082  -1.80735402
-22.86546138 344.73918098  -2.05452683
-22.48974717 344.83485115  -2.01171157
-22.24312514 344.95462564  -1.81659012
-22.35395161 344.92805367  -1.99702374
-22.66898784 344.8079045   -2.102023  
-22.60672612 344.85100625  -2.15308435
-23.03295733 344.60725303  -2.40227334
-23.32468752 344.2430004   -2.76693233
-23.39773211 344.02224078  -2.53983938
-24.23777239 343.68793647  -2.63263475
-24.95955944 342.7137066   -1.61124466
-25.62289249 341.18446697  -1.2208965 
-26.52141243 338.93495125  -1.26873152
-26.59662262 335.47720504  -0.80085233
-27.58291382 318.58886937  -0.65558069
-29.96959974 301.40676405   0.52161984
-30.44058309 291.6977838    1.64361377
-30.5842165  281.21953388   2.41450656
-30.74815435 270.84807666   1.62151132
-30.3688554  260.02791708   0.57731206
-3.07204800e+01  2.48400221e+02 -2.45434918e-01
-3.21924600e+01  2.35931284e+02 -1.26106067e-01
-34.60927805 223.57514506   0.4283827 
-36.42612728 211.16549896   1.72802889
-38.20855248 199.3384717    3.62238915
-39.3285328  186.57009005   5.89944451
-40.29789053 174.09697522   7.84735316
-40.76128383 161.36343021   9.68345709
-39.84923954 149.64978997  11.570118  
-39.25687369 138.84014236  13.34377149
-38.4539644  128.4484499   15.17137911
-37.1073708  119.29263995  17.34003368
-36.37141299 110.44723775  18.65771768
-34.42325478 101.90875769  19.63504802
-32.37978161  93.66725756  19.67958103
-30.32986302  86.21808869  19.05909874
-27.60471589  79.5130591   18.09702018
-25.43717266  73.06903654  17.46510583
-23.06340473  66.33486814  17.38604305
-21.36840319  60.1843526   17.6467053 
-20.02483704  53.54576548  16.75293928
-19.08850892  47.24899052  15.46071663
-18.218398    41.19550613  14.36612181
-18.28938026  34.78688881  12.65696375
-18.49065388  28.2037424   11.53768862
-18.52640193  22.02711367  10.16800702
-18.25453876  16.47942577   8.76478013
-17.90292718  11.25374423   7.42666548
-16.87104305   4.21842053   4.4502502 
-16.81521884   1.72165787   3.32015032
-1.63063182e+01 -1.98941465e-03  2.51724874e+00
-16.55508907  -1.1803166    1.38447938
-16.58207246  -1.79483233   0.99448564
-16.80857257  -2.26743517   1.12480436
-16.90759525  -2.82050697   0.60893214
-17.08015608  -2.67640201  -0.77535874
-16.3935601   -2.13014127  -0.70877844
-14.8197031   -1.08478432  -0.50307806
-13.52367153  -0.12851021  -0.48458878
-12.07370202   1.29439049  -0.50156316
-10.02120003   2.73669211  -0.41403698
-7.49136864  3.85201852 -0.22146822
-3.53097486  4.77323206 -0.38485498
-1.74409216  4.26493162 -0.31293348
-1.05453697  4.17094485 -0.13732394
-1.10041798  4.3393935   0.01673653
-1.61523233  4.71573994  0.11975317
-2.3693147   5.01993438 -0.20434675
-2.6849123   4.80003623 -0.5195332 
-2.91743501  4.85340825 -0.68250775
-2.94296721  4.80127539 -0.57516454
-2.58984797  4.92501008 -0.65518471
-2.49548398  5.53258758 -0.32128554
-2.7166097   5.44877245 -0.50944276
-2.73339378  5.61397261 -0.58157799
-2.51791961  5.74175131 -0.54075647
-2.21331275  5.90285941 -0.3715285 
-1.75615536  6.21596683  0.08963624
-2.10614677  6.64771904  0.10306206
-2.14548077  6.71381192  0.09485895
-2.39581481  6.47467933 -0.00827139
-3.15557968  6.12429106 -0.317844  
-3.52293119  5.80183567 -0.45693095
-3.15368807  6.10029285 -0.05305406
-2.38315091  6.19180765  0.69534801
-1.6867275   6.52725556  1.32819454
-1.76346468  7.13732686  2.01148734
-1.8046912   7.83596603  2.2718397 
-0.97927861  7.96415998  2.84242112
0.79664469 8.63974223 4.47823344
2.56542977 9.13308104 7.69593134
 4.07883419  9.80357803 12.21582238
 5.31143311 10.62947412 19.08808472
 6.64811094 11.29380725 26.31997932
 8.65857678 12.4591966  33.83521794
11.24047069 13.55246929 41.56393408
13.96872532 14.9877645  50.70366213
16.32429858 15.81414278 60.7532959 
18.45340419 16.30800755 72.07570913
20.47816623 17.27502674 83.98845787
22.47349122 18.50143158 96.51901509
 24.11885492  19.20056319 109.08111961
 26.11466577  19.93755419 122.28342859
 28.23253947  20.51325252 135.96045205
 30.05632363  21.05112651 149.78257489
 31.41019805  21.63953518 163.29759063
 32.99024414  21.79261418 176.89050545
 34.62576564  22.57524914 190.75280548
 35.03393372  23.31020526 204.22985049
 35.39791162  23.50075018 217.16232682
 36.3590759   23.65332825 229.82725265
 36.84648471  24.16303591 243.01543288
 37.4242626   24.06880949 255.4868004 
 38.21597575  23.91202182 268.3017493 
 39.38285179  22.97245727 280.06253798
 42.14362755  20.74638938 303.04092175
121.36027637   3.67942168 352.80179425
129.05143034   3.24807716 349.50596367
137.64989428   2.66580594 346.56852832
146.46191225   1.84985941 344.00920923
155.42062327   1.21729231 341.95545545
236.94622583  -6.56669606 331.97730729
256.77428019  -7.55313816 329.59620678
266.58340928  -7.41659878 328.67368578
275.70155085  -8.16513585 328.40493132
284.5738393   -8.37217347 328.73519844
293.27218183  -7.87091651 328.09141072
301.83019733  -7.54035841 326.71502784
310.17040696  -6.81262829 324.7283947 
318.51917141  -6.68568498 322.24222091
327.31823078  -6.87397012 319.90596227
335.56149134  -7.27545916 318.50374727
342.52710008  -8.06264906 318.1180365 
348.70289714  -9.39661348 318.40737467
353.80481447 -10.52576939 318.54493473
357.7621671  -11.29883311 318.24618771
360.71514798 -12.17767623 318.07178329
362.80492676 -13.25179404 318.08882864
364.75704364 -14.24322326 317.47070887
366.51087312 -14.97017643 316.31132639
368.08281634 -15.46721836 314.85583953
369.8701959  -16.11915648 313.22936736
371.31550336 -16.69983277 311.3499221 
373.19807155 -17.21612387 309.77613338
375.7261465  -18.3331595  308.44424959
378.92018684 -19.34053044 307.07405815
382.54306972 -19.79623937 306.27396911
386.1452538  -20.92779413 305.98471524
390.14887422 -22.31873495 306.08332978
393.6782692  -22.92631767 306.24733883
396.11823655 -23.3614961  306.4026242 
398.42967122 -23.71372071 307.45850343
399.9760858  -23.77746799 308.42510628
401.21506356 -23.60338728 308.81135611
402.66387137 -23.73973137 309.10851382
404.3830259  -23.51662396 309.07715481
406.68800397 -22.99561902 308.67096084
408.70470365 -22.64746163 308.06787087
411.21800261 -22.29702858 307.41817045
414.18052107 -21.61145361 306.9804563 
417.5863835  -21.1087867  306.78508921
420.80378082 -20.98518092 307.39366191
423.09189631 -20.81681652 308.27240681
425.17635727 -20.62999981 308.75171711
426.64352518 -20.74809864 309.07022246
427.55569302 -20.0226217  309.75208254
428.54021462 -19.51293138 311.36996214
430.32357962 -19.83985516 314.07755524
431.90161072 -20.53616889 317.00423106
433.46876686 -21.04792838 319.31785913
433.92369224 -20.49442854 320.9913718 
434.40193821 -19.2777532  322.834876  
435.62950987 -19.90766055 325.58558253
436.64021851 -21.92528827 327.99638953
436.88184059 -21.9348484  328.48937336
437.70683595 -21.18394929 327.57492507
439.66887456 -22.01960097 327.3412275 
441.1070325  -23.21199166 327.63106446
442.39092311 -24.80097021 328.32113416
442.85117334 -26.21945759 329.0725025 
442.77281934 -26.87275658 330.04405908
442.39444493 -27.94524765 331.33050162
442.28290581 -28.62841773 332.51625642
442.05595    -28.8935771  333.27614488
441.88740273 -28.22455628 334.40497237
442.12328814 -27.7069386  335.37694301
442.8566483  -27.49224238 336.18498476
443.58851759 -26.67841929 336.28916078
444.55622828 -25.4490324  336.51670953
445.56811106 -24.24651573 336.60888791
446.45788826 -22.24728944 336.49602566
446.98666968 -19.02679109 335.4140949 
447.54066953 -14.36721781 334.04841041
447.26415231  -9.33786639 332.3671161 
446.27732628  -3.76160365 330.81735198
445.00604129   1.87431025 329.88454518
443.36117942   7.49148766 329.32719737
441.20603926  14.29783171 328.06661533
438.99133446  23.15898382 325.14049356
436.43814559  33.24429944 321.51099136
433.97482015  44.22008421 318.6848545 
431.51691568  56.13584181 317.00729524
429.54706759  68.38154096 317.07712242
428.82689995  80.62390246 318.62349251
428.54852945  93.46648298 319.80679696
428.59288239 106.93715718 321.16284455
428.03814686 120.18124294 322.65535384
426.47349369 133.25809011 323.63914836
424.99302879 146.58907416 323.32787459
423.76965128 159.9331102  322.61096532
422.08120676 172.94116962 321.8684121 
419.64046932 185.96365569 321.48765178
417.42692944 198.3584769  321.33511779
415.66166333 210.24219138 321.12696502
413.91169621 221.35206694 320.80505129
412.09217232 232.89983912 320.33172915
410.85910852 243.58398653 319.7111499 
410.40322925 253.57002159 319.46693122
409.55857547 263.28708478 318.88342009
409.26872976 272.70818444 318.0863764 
409.31119755 281.90893191 317.19243   
409.00575494 291.53910689 317.29926233
408.34233061 300.56755103 317.96770886
406.60903247 317.61630574 320.58962381
405.27082427 326.10118603 322.1396486 
403.90462622 333.87441228 323.91359295
400.76229952 347.78629321 325.27781797
399.10580716 354.36044264 324.18143918
397.21713279 360.30945756 322.63873597
395.19407822 365.181897   321.21552765
391.10227017 374.03432368 317.70289013
389.53582654 384.06497607 313.70996313
389.26718615 386.41811283 313.50270263
388.88194282 390.70432803 313.61018605
388.51947675 392.74346416 313.19699043
388.57561191 393.99621661 313.30464317
388.25386631 396.24630423 313.45584082
387.90777768 396.96162771 313.23149542
387.66138418 397.72520789 312.90128111
387.38280425 398.41244452 312.55565314
386.89432422 398.72296295 312.55637483
386.8691003  398.94286934 312.7640783 
387.17109964 399.01793863 313.04398696
385.84736748 399.73559    313.76306311
385.44181561 399.72806908 313.69244164
384.85479307 399.87656872 313.34195236
384.64404754 399.6891781  312.84738567
384.66520393 399.54864932 312.38807656
384.69462546 399.89851748 312.03472279
385.07094808 400.21167791 311.55374616
381.78230385 406.1907207  309.14134199
380.04336867 405.0452023  310.63668957